1000026 19 01 11 02 58
1000044 19 01 18 22 24
1000008 19 01 21 15 11
1000015 19 01 26 09 56
1000043 19 02 01 21 09
1000004 19 02 03 10 10
1000035 19 02 06 22 18
1000027 19 02 07 22 15
1000011 19 02 14 00 00
1000142 19 02 25 22 50
1000038 19 03 02 06 37
1000170 19 03 03 22 46
1000160 19 03 05 10 54
1000126 19 03 07 01 53
1000144 19 03 07 19 13
1000069 19 03 08 11 19
1000106 19 03 11 06 49
1000007 19 03 12 15 15
1000123 19 03 16 23 54
1000063 19 03 17 05 50
1000084 19 03 17 14 47
1000167 19 03 17 22 45
1000080 19 03 18 08 49
1000222 19 03 21 11 57
1000182 19 03 22 17 50
1000179 19 03 24 12 00
1000228 19 03 25 09 16
1000203 19 03 25 11 59
1000227 19 03 27 18 26
1000036 19 03 27 20 08
1000064 19 03 28 22 03
1000032 19 03 29 10 22
1000105 19 03 30 02 10
1000241 19 04 02 01 50
1000184 19 04 02 21 14
1000024 19 04 03 18 06
1000040 19 04 04 05 44
1000065 19 04 04 19 19
1000054 19 04 05 12 46
1000152 19 04 06 18 24
1000188 19 04 07 05 55
1000230 19 04 07 07 44
1000232 19 04 09 00 37
1000243 19 04 09 04 47
1000021 19 04 10 22 45
1000223 19 04 14 08 05
1000189 19 04 14 21 51
1000108 19 04 15 09 05
1000234 19 04 15 21 39
1000275 19 04 18 17 00
1000135 19 04 20 17 33
1000291 19 04 21 18 59
1000139 19 04 22 05 15
1000225 19 04 23 15 08
1000122 19 04 24 08 49
1000120 19 04 24 11 36
1000172 19 04 25 18 58
1000175 19 04 26 18 45
1000094 19 04 28 15 09
1000055 19 04 30 10 14
1000020 19 04 30 13 48
1000113 19 05 01 10 26
1000196 19 05 04 18 55
1000274 19 05 05 05 51
1000236 19 05 08 05 09
1000191 19 05 09 01 04
1000214 19 05 09 14 32
1000081 19 05 10 14 56
1000266 19 05 11 09 14
1000335 19 05 13 16 16
1000207 19 05 13 18 11
1000046 19 05 15 11 24
1000264 19 05 16 09 15
1000293 19 05 18 22 05
1000209 19 05 20 16 48
1000329 19 05 21 18 18
1000091 19 05 22 08 18
1000192 19 05 24 14 15
1000364 19 05 24 21 15
1000066 19 05 26 05 09
1000056 19 05 29 00 12
1000280 19 05 29 21 33
1000023 19 05 30 17 25
1000296 19 05 31 22 43
1000365 19 06 01 11 33
1000050 19 06 01 13 57
1000153 19 06 02 04 42
1000041 19 06 03 23 14
1000289 19 06 04 18 09
1000245 19 06 06 04 21
1000372 19 06 06 07 15
1000401 19 06 06 16 37
1000195 19 06 07 07 03
1000279 19 06 07 08 10
1000378 19 06 07 14 26
1000292 19 06 10 06 05
1000437 19 06 11 10 31
1000416 19 06 12 01 22
1000051 19 06 12 05 21
1000367 19 06 13 12 36
1000260 19 06 14 03 55
1000349 19 06 14 20 24
1000431 19 06 16 21 20
1000088 19 06 17 04 01
1000438 19 06 17 07 10
1000255 19 06 18 04 53
1000318 19 06 18 08 25
1000018 19 06 19 06 43
1000281 19 06 19 23 02
1000359 19 06 20 03 30
1000201 19 06 21 06 17
1000200 19 06 21 07 28
1000320 19 06 21 20 10
1000124 19 06 22 16 41
1000361 19 06 22 23 38
1000443 19 06 23 03 30
1000238 19 06 25 18 42
1000447 19 06 27 10 59
1000218 19 06 29 04 27
1000269 19 06 29 17 19
1000257 19 06 30 11 02
1000340 19 07 01 10 56
1000092 19 07 01 20 20
1000150 19 07 03 02 46
1000237 19 07 04 18 33
1000510 19 07 04 23 51
1000457 19 07 05 06 21
1000473 19 07 05 13 35
1000163 19 07 06 14 52
1000483 19 07 07 15 41
1000305 19 07 08 06 35
1000360 19 07 10 01 31
1000505 19 07 12 12 19
1000481 19 07 13 14 43
1000215 19 07 14 14 53
1000053 19 07 15 03 28
1000052 19 07 15 04 37
1000311 19 07 15 07 45
1000427 19 07 15 11 35
1000158 19 07 15 14 11
1000369 19 07 17 14 32
1000096 19 07 18 03 25
1000357 19 07 18 15 29
1000206 19 07 18 22 46
1000301 19 07 19 12 28
1000022 19 07 20 16 12
1000290 19 07 20 17 45
1000131 19 07 21 15 31
1000148 19 07 21 21 59
1000325 19 07 22 01 04
1000104 19 07 22 01 15
1000162 19 07 22 14 32
1000313 19 07 23 01 42
1000498 19 07 23 15 18
1000010 19 07 24 11 58
1000174 19 07 24 16 55
1000111 19 07 25 19 12
1000216 19 07 25 22 17
1000087 19 07 25 22 48
1000016 19 07 25 22 52
1000013 19 07 26 14 52
1000199 19 07 26 23 24
1000240 19 07 27 05 18
1000439 19 07 28 07 02
1000193 19 07 28 12 01
1000229 19 07 29 20 46
1000402 19 07 29 21 35
1000574 19 07 30 12 20
1000276 19 07 30 21 57
1000282 19 07 31 00 41
1000076 19 07 31 14 52
1000449 19 07 31 17 59
1000414 19 08 01 01 55
1000432 19 08 02 04 14
1000125 19 08 02 06 17
1000102 19 08 02 08 11
1000541 19 08 02 16 07
1000075 19 08 02 21 18
1000532 19 08 04 02 53
1000295 19 08 04 23 55
1000129 19 08 05 00 06
1000183 19 08 05 04 31
1000039 19 08 05 08 40
1000503 19 08 05 20 47
1000242 19 08 06 01 09
1000299 19 08 06 04 26
1000095 19 08 06 07 59
1000078 19 08 07 01 21
1000546 19 08 08 02 22
1000304 19 08 08 07 03
1000316 19 08 08 13 19
1000341 19 08 08 18 02
1000446 19 08 09 08 02
1000284 19 08 09 11 04
1000268 19 08 09 13 57
1000197 19 08 09 18 05
1000512 19 08 10 00 16
1000059 19 08 11 18 43
1000003 19 08 11 23 08
1000100 19 08 13 06 05
1000322 19 08 13 14 53
1000339 19 08 14 00 14
1000259 19 08 15 22 26
1000099 19 08 16 11 57
1000543 19 08 17 01 11
1000248 19 08 17 20 21
1000190 19 08 18 03 16
1000177 19 08 18 07 28
1000314 19 08 18 09 30
1000441 19 08 19 04 59
1000031 19 08 20 04 48
1000005 19 08 20 12 21
1000327 19 08 20 13 07
1000103 19 08 20 18 59
1000117 19 08 20 21 49
1000374 19 08 21 16 05
1000478 19 08 22 12 52
1000171 19 08 23 17 54
1000071 19 08 23 19 59
1000331 19 08 24 00 59
1000034 19 08 24 01 16
1000168 19 08 24 10 14
1000489 19 08 26 01 51
1000037 19 08 26 08 37
1000536 19 08 26 15 52
1000415 19 08 26 19 23
1000452 19 08 27 06 10
1000068 19 08 27 10 02
1000006 19 08 28 19 40
1000061 19 08 28 21 36
1000127 19 08 29 03 15
1000370 19 08 29 07 32
1000045 19 08 29 17 59
1000584 19 08 31 01 10
1000550 19 08 31 14 15
1000509 19 09 01 02 35
1000659 19 09 01 05 55
1000384 19 09 01 06 34
1000086 19 09 01 10 17
1000226 19 09 01 17 50
1000693 19 09 02 14 13
1000312 19 09 03 03 09
1000504 19 09 03 15 33
1000373 19 09 03 18 52
1000239 19 09 04 01 50
1000263 19 09 04 19 54
1000030 19 09 04 23 42
1000019 19 09 05 12 14
1000668 19 09 06 05 12
1000286 19 09 07 18 42
1000356 19 09 09 23 17
1000682 19 09 10 03 52
1000389 19 09 10 09 36
1000628 19 09 11 17 29
1000714 19 09 13 04 49
1000485 19 09 13 11 51
1000674 19 09 14 07 53
1000626 19 09 14 09 53
1000254 19 09 17 13 43
1000277 19 09 17 15 26
1000669 19 09 18 01 12
1000083 19 09 18 06 25
1000731 19 09 18 07 07
1000606 19 09 18 13 27
1000537 19 09 18 20 32
1000334 19 09 20 03 43
1000381 19 09 20 22 00
1000151 19 09 21 01 58
1000493 19 09 21 02 14
1000491 19 09 21 08 54
1000159 19 09 21 13 46
1000500 19 09 22 09 43
1000681 19 09 22 10 33
1000164 19 09 22 11 40
1000561 19 09 22 18 22
1000107 19 09 23 06 10
1000559 19 09 23 11 18
1000646 19 09 25 08 30
1000397 19 09 26 20 12
1000603 19 09 28 07 01
1000592 19 09 29 12 00
1000423 19 09 30 16 55
1000495 19 10 01 03 12
1000057 19 10 01 18 47
1000747 19 10 01 18 50
1000496 19 10 02 06 20
1000161 19 10 03 20 21
1000558 19 10 03 22 03
1000634 19 10 04 16 30
1000140 19 10 05 07 08
1000705 19 10 05 16 34
1000508 19 10 06 07 58
1000012 19 10 06 20 44
1000665 19 10 08 00 07
1000658 19 10 08 17 40
1000717 19 10 09 07 36
1000085 19 10 10 01 46
1000375 19 10 10 02 25
1000754 19 10 10 10 45
1000667 19 10 10 11 34
1000661 19 10 11 21 21
1000319 19 10 12 02 50
1000285 19 10 12 04 59
1000656 19 10 12 09 36
1000477 19 10 12 17 41
1000247 19 10 14 04 50
1000025 19 10 14 10 45
1000060 19 10 14 13 33
1000781 19 10 14 17 55
1000654 19 10 14 19 19
1000272 19 10 15 15 25
1000348 19 10 15 19 06
1000119 19 10 16 06 25
1000577 19 10 16 14 44
1000333 19 10 18 04 30
1000302 19 10 18 09 53
1000297 19 10 18 12 25
1000567 19 10 19 02 18
1000134 19 10 21 04 24
1000565 19 10 21 08 55
1000671 19 10 21 11 57
1000079 19 10 22 03 27
1000757 19 10 22 09 05
1000456 19 10 22 09 06
1000029 19 10 22 22 20
1000680 19 10 23 03 34
1000564 19 10 23 10 31
1000187 19 10 23 15 46
1000271 19 10 24 00 07
1000784 19 10 24 09 25
1000752 19 10 24 10 12
1000778 19 10 24 14 41
1000186 19 10 24 22 26
1000249 19 10 25 01 44
1000652 19 10 25 07 53
1000098 19 10 25 22 20
1000118 19 10 27 02 08
1000520 19 10 27 05 59
1000101 19 10 27 14 07
1000321 19 10 27 18 38
1000048 19 10 28 00 19
1000017 19 10 28 06 31
1000759 19 10 28 16 05
1000718 19 10 29 18 35
1000662 19 10 30 14 42
1000723 19 10 30 17 41
1000049 19 10 31 05 33
1000482 19 11 02 13 14
1000097 19 11 03 01 31
1000346 19 11 03 05 27
1000744 19 11 03 12 26
1000615 19 11 04 00 45
1000829 19 11 04 07 21
1000726 19 11 04 17 05
1000130 19 11 04 22 57
1000256 19 11 05 12 02
1000506 19 11 05 18 28
1000033 19 11 06 03 44
1000618 19 11 06 17 37
1000715 19 11 06 17 58
1000638 19 11 06 19 16
1000428 19 11 06 21 41
1000352 19 11 07 08 51
1000732 19 11 07 11 01
1000436 19 11 07 11 35
1000077 19 11 07 12 02
1000625 19 11 08 01 33
1000233 19 11 08 04 11
1000445 19 11 08 06 55
1000287 19 11 08 17 34
1000396 19 11 08 18 13
1000617 19 11 08 19 01
1000573 19 11 09 16 41
1000400 19 11 09 19 31
1000782 19 11 10 09 04
1000589 19 11 10 10 34
1000220 19 11 10 11 11
1000219 19 11 11 03 40
1000278 19 11 11 06 59
1000792 19 11 11 07 16
1000330 19 11 11 14 53
1000720 19 11 12 07 46
1000137 19 11 12 10 06
1000154 19 11 12 12 42
1000145 19 11 12 16 48
1000115 19 11 13 04 57
1000344 19 11 13 05 09
1000435 19 11 13 09 30
1000548 19 11 13 14 23
1000429 19 11 14 16 09
1000728 19 11 15 09 49
1000421 19 11 15 11 30
1000494 19 11 16 01 41
1000620 19 11 16 14 07
1000476 19 11 16 18 04
1000702 19 11 17 01 20
1000073 19 11 17 12 11
1000755 19 11 17 18 46
1000775 19 11 17 20 33
1000074 19 11 18 19 02
1000062 19 11 18 23 58
1000181 19 11 20 21 45
1000708 19 11 21 02 55
1000703 19 11 21 06 01
1000749 19 11 22 10 54
1000767 19 11 22 22 20
1000002 19 11 23 23 25
1000363 19 11 25 13 23
1000112 19 11 25 20 59
1000157 19 11 26 08 08
1000850 19 11 26 12 51
1000377 19 11 26 18 10
1000267 19 11 27 13 30
1000213 19 11 27 18 38
1000251 19 11 27 23 41
1000336 19 11 28 01 17
1000694 19 11 28 01 49
1000310 19 11 28 06 12
1000001 19 11 29 03 07
1000298 19 11 30 13 40
1000642 19 11 30 14 05
1000138 19 12 01 08 02
1000376 19 12 01 10 12
1000889 19 12 01 22 16
1000751 19 12 03 09 09
1000028 19 12 03 15 04
1000839 19 12 04 17 59
1000700 19 12 05 09 10
1000487 19 12 06 10 53
1000877 19 12 07 15 29
1000332 19 12 08 03 10
1000143 19 12 08 13 56
1000676 19 12 09 02 49
1000387 19 12 09 04 55
1000823 19 12 09 06 59
1000173 19 12 09 12 39
1000324 19 12 09 16 40
1000722 19 12 10 04 11
1000090 19 12 11 03 22
1000475 19 12 11 06 12
1000552 19 12 11 06 16
1000463 19 12 11 08 38
1000587 19 12 11 10 41
1000909 19 12 12 03 41
1000801 19 12 12 03 54
1000538 19 12 12 04 24
1000918 19 12 12 06 14
1000072 19 12 13 17 54
1000812 19 12 14 01 27
1000938 19 12 14 02 17
1000058 19 12 14 04 56
1000864 19 12 14 06 36
1000042 19 12 14 07 25
1000898 19 12 14 09 34
1000517 19 12 14 21 36
1000535 19 12 15 02 50
1000089 19 12 15 04 02
1000149 19 12 15 07 16
1000343 19 12 15 14 51
1000848 19 12 16 00 48
1000141 19 12 16 09 39
1000133 19 12 17 09 58
1000884 19 12 17 14 24
1000551 19 12 18 06 25
1000412 19 12 18 15 05
1000622 19 12 19 06 06
1000579 19 12 19 23 25
1000244 19 12 20 08 49
1000908 19 12 20 19 08
1000855 19 12 21 10 17
1000323 19 12 21 15 07
1000014 19 12 22 08 39
1000093 19 12 23 16 05
1000110 19 12 24 04 26
1000407 19 12 24 23 23
1000679 19 12 25 16 38
1000931 19 12 26 18 32
1000155 19 12 27 00 26
1000128 19 12 27 00 54
1000166 19 12 27 18 53
1000704 19 12 28 12 22
1000868 19 12 28 17 13
1000987 19 12 29 15 24
1000818 19 12 30 15 59
1000070 19 12 30 19 33
1000380 19 12 30 20 24
1000347 19 12 31 03 24
1000980 19 12 31 05 38
1000169 20 01 01 01 04
1000960 20 01 01 22 46
1000991 20 01 02 04 33
1000730 20 01 02 15 50
1000355 20 01 02 18 09
1000572 20 01 03 04 15
1000687 20 01 03 14 05
1000211 20 01 04 03 55
1000009 20 01 04 09 24
1000116 20 01 04 10 23
1000673 20 01 05 09 34
1000165 20 01 05 22 40
1000913 20 01 06 16 38
1000047 20 01 07 01 30
1000942 20 01 07 15 52
1000745 20 01 07 22 55
1000408 20 01 07 23 08
1000185 20 01 08 11 57
1000643 20 01 08 16 29
1000645 20 01 08 18 59
1000838 20 01 09 01 05
1000575 20 01 09 05 31
1000688 20 01 09 08 18
1000434 20 01 09 13 09
1000885 20 01 09 13 22
1000479 20 01 09 22 41
1000082 20 01 09 23 24
1000392 20 01 10 03 13
1000180 20 01 10 08 23
1000817 20 01 10 13 37
1000468 20 01 11 16 50
1000470 20 01 11 21 56
1000830 20 01 12 01 50
1000870 20 01 12 10 47
1000601 20 01 12 11 31
1000250 20 01 13 13 47
1000178 20 01 14 02 52
1000721 20 01 14 05 10
1000462 20 01 14 07 50
1000748 20 01 14 13 01
1000399 20 01 15 13 29
1000585 20 01 15 13 50
1000136 20 01 15 22 36
1000198 20 01 16 13 42
1000953 20 01 16 16 35
1000109 20 01 16 21 50
1000588 20 01 17 09 36
1000692 20 01 17 10 26
1000639 20 01 17 14 54
1000403 20 01 17 16 57
1000534 20 01 17 21 23
1000270 20 01 18 15 15
1000368 20 01 18 22 44
1000317 20 01 18 23 26
1000492 20 01 19 05 16
1000663 20 01 19 19 54
1000633 20 01 20 22 13
1000958 20 01 20 23 36
1000655 20 01 21 00 01
1000773 20 01 21 01 23
1000114 20 01 21 05 33
1000653 20 01 21 19 45
1000176 20 01 22 07 03
1000345 20 01 22 12 33
1000208 20 01 22 23 52
1000590 20 01 23 03 13
1000609 20 01 23 06 26
1000067 20 01 24 00 59
1000961 20 01 24 08 47
1000598 20 01 24 21 45
1000499 20 01 25 08 03
1000246 20 01 25 11 34
1000649 20 01 25 14 08
1000860 20 01 25 18 44
1000935 20 01 25 23 09
1000912 20 01 26 00 59
1000677 20 01 26 02 01
1000466 20 01 26 07 18
1000852 20 01 26 23 31
1000326 20 01 27 06 07
1000735 20 01 27 06 42
1000523 20 01 27 07 40
1000742 20 01 27 10 10
1000502 20 01 27 17 35
1000252 20 01 27 19 49
1000583 20 01 28 14 51
1000146 20 01 28 18 00
1000121 20 01 29 04 21
1000524 20 01 29 07 48
1000514 20 01 29 21 39
1000605 20 01 30 00 47
1000235 20 01 30 02 49
1000442 20 01 30 04 07
1000789 20 01 30 14 42
1000212 20 01 31 03 03
1000831 20 02 01 04 30
1000989 20 02 01 07 07
1000660 20 02 01 07 35
1000582 20 02 01 14 54
1000670 20 02 02 01 18
1000666 20 02 02 08 30
1000979 20 02 02 12 32
1000743 20 02 03 03 36
1000315 20 02 03 08 40
1000459 20 02 03 12 12
1000944 20 02 05 00 54
1000797 20 02 05 05 05
1000420 20 02 05 22 21
1000328 20 02 06 09 03
1000807 20 02 07 14 37
1000907 20 02 08 03 23
1000204 20 02 08 08 59
1000303 20 02 08 10 43
1000664 20 02 09 02 50
1000526 20 02 09 05 07
1000132 20 02 10 02 43
1000464 20 02 10 06 03
1000716 20 02 10 10 52
1000630 20 02 10 18 25
1000265 20 02 10 23 38
1000307 20 02 11 00 24
1000920 20 02 11 13 05
1000194 20 02 11 23 21
1000156 20 02 12 06 49
1000444 20 02 12 07 15
1000698 20 02 12 11 23
1000886 20 02 12 11 23
1000678 20 02 12 13 11
1000879 20 02 13 02 59
1000810 20 02 13 04 44
1000604 20 02 13 05 19
1000395 20 02 13 16 27
1000422 20 02 13 22 09
1000393 20 02 14 02 11
1000337 20 02 14 09 41
1000629 20 02 14 11 41
1000553 20 02 14 14 03
1000563 20 02 14 18 13
1000806 20 02 14 20 17
1000515 20 02 15 04 54
1000513 20 02 15 06 06
1000474 20 02 16 14 33
1000713 20 02 16 15 51
1000253 20 02 16 20 43
1000990 20 02 17 05 04
1000619 20 02 17 12 24
1000545 20 02 18 02 59
1000591 20 02 18 05 24
1000205 20 02 18 07 31
1000261 20 02 18 18 47
1000894 20 02 19 09 51
1000528 20 02 19 22 36
1000578 20 02 19 22 37
1000294 20 02 20 01 13
1000147 20 02 20 22 10
1000753 20 02 22 15 52
1000899 20 02 22 17 15
1000636 20 02 23 09 28
1000308 20 02 24 05 33
1000371 20 02 24 19 12
1000288 20 02 25 11 17
1000448 20 02 25 11 39
1000300 20 02 25 19 09
1000488 20 02 26 18 29
1000283 20 02 26 22 50
1000224 20 02 27 02 20
1000794 20 02 27 08 44
1000760 20 02 28 03 42
1000521 20 02 28 04 38
1000519 20 02 28 10 17
1000354 20 02 28 10 31
1000555 20 02 28 12 44
1000924 20 02 28 19 24
1000624 20 02 28 20 01
1000725 20 02 29 00 45
1000815 20 03 01 12 26
1000406 20 03 01 17 47
1000897 20 03 01 22 16
1000821 20 03 01 22 38
1000379 20 03 02 01 58
1000460 20 03 02 02 14
1000611 20 03 02 04 19
1000761 20 03 02 08 21
1000614 20 03 02 18 22
1000425 20 03 03 14 42
1000210 20 03 03 20 29
1000600 20 03 04 07 34
1000484 20 03 04 08 12
1000994 20 03 04 15 12
1000765 20 03 04 21 42
1000217 20 03 05 16 48
1000404 20 03 06 09 26
1000933 20 03 06 10 29
1000231 20 03 07 21 14
1000221 20 03 09 02 32
1000461 20 03 09 21 09
1000581 20 03 10 10 57
1000849 20 03 10 14 07
1000808 20 03 10 18 16
1000202 20 03 10 18 36
1000258 20 03 10 21 46
1000867 20 03 11 13 07
1000632 20 03 11 15 34
1000926 20 03 11 15 43
1000800 20 03 13 09 25
1000917 20 03 14 14 47
1000383 20 03 14 15 46
1000351 20 03 14 17 32
1000631 20 03 14 19 05
1000876 20 03 15 01 31
1000562 20 03 15 12 12
1000306 20 03 15 21 27
1000640 20 03 16 05 04
1000398 20 03 16 12 47
1000738 20 03 17 03 42
1000358 20 03 17 05 53
1000570 20 03 17 10 16
1000454 20 03 17 10 50
1000896 20 03 18 03 56
1000471 20 03 18 08 04
1000882 20 03 18 19 03
1000342 20 03 19 07 16
1000934 20 03 19 14 48
1000273 20 03 19 16 23
1000539 20 03 19 23 03
1000871 20 03 20 01 01
1000518 20 03 20 06 18
1000828 20 03 21 20 07
1000610 20 03 22 09 52
1000796 20 03 23 02 06
1000774 20 03 24 06 47
1000824 20 03 24 11 45
1000472 20 03 24 14 50
1000595 20 03 24 23 01
1000465 20 03 25 00 16
1000409 20 03 26 00 12
1000883 20 03 26 09 38
1000832 20 03 27 05 46
1000968 20 03 27 18 28
1000711 20 03 27 20 20
1000710 20 03 28 01 29
1000736 20 03 28 05 59
1000388 20 03 28 21 43
1000262 20 03 29 04 56
1000411 20 03 29 19 21
1000418 20 03 30 00 57
1000516 20 03 30 15 56
1000467 20 03 30 21 01
1000599 20 03 31 00 08
1000547 20 03 31 11 28
1000827 20 03 31 16 43
1000880 20 04 01 07 16
1000690 20 04 01 11 49
1000309 20 04 01 17 28
1000910 20 04 02 05 30
1000602 20 04 02 08 52
1000366 20 04 03 14 21
1000866 20 04 03 22 20
1000433 20 04 05 11 43
1000804 20 04 06 00 58
1000556 20 04 06 02 11
1000750 20 04 06 10 49
1000783 20 04 07 12 51
1000737 20 04 07 13 24
1000914 20 04 08 03 13
1000621 20 04 08 10 35
1000712 20 04 08 16 33
1000596 20 04 08 17 53
1000837 20 04 08 21 57
1000859 20 04 09 00 44
1000451 20 04 09 06 08
1000353 20 04 10 18 27
1000951 20 04 12 20 25
1000413 20 04 13 08 44
1000350 20 04 13 16 35
1000612 20 04 13 22 03
1000937 20 04 13 22 57
1000490 20 04 14 02 44
1000701 20 04 14 03 00
1000419 20 04 14 08 30
1000791 20 04 14 09 20
1000458 20 04 16 05 06
1000819 20 04 16 06 00
1000501 20 04 16 17 28
1000672 20 04 16 22 47
1000560 20 04 17 08 01
1000936 20 04 17 14 56
1000998 20 04 19 11 53
1000382 20 04 20 03 13
1000405 20 04 21 02 56
1000542 20 04 21 04 24
1000893 20 04 21 12 58
1000386 20 04 21 17 18
1000699 20 04 21 19 47
1000983 20 04 22 00 56
1000734 20 04 22 08 27
1000684 20 04 22 16 20
1000338 20 04 22 20 41
1000571 20 04 22 22 28
1000982 20 04 23 04 07
1000426 20 04 23 08 31
1000469 20 04 24 22 06
1000647 20 04 25 03 40
1000685 20 04 25 16 50
1000644 20 04 26 03 27
1000394 20 04 27 01 03
1000424 20 04 27 14 49
1000949 20 04 28 14 20
1000390 20 04 30 00 11
1000923 20 04 30 07 56
1000952 20 04 30 20 09
1000675 20 05 01 04 09
1000623 20 05 02 05 47
1000999 20 05 02 11 25
1000497 20 05 02 11 36
1000362 20 05 03 12 16
1000440 20 05 03 13 54
1000739 20 05 04 16 59
1000410 20 05 05 02 55
1000881 20 05 06 11 00
1000697 20 05 06 19 52
1000455 20 05 06 21 26
1000576 20 05 07 08 05
1000594 20 05 09 01 07
1000635 20 05 09 04 52
1000856 20 05 09 08 46
1000895 20 05 09 11 10
1000507 20 05 11 04 22
1000385 20 05 11 06 04
1000486 20 05 12 13 06
1000430 20 05 15 05 52
1000788 20 05 15 09 08
1000511 20 05 15 16 58
1000729 20 05 16 03 38
1000790 20 05 16 12 58
1000527 20 05 17 02 22
1000993 20 05 21 00 57
1000857 20 05 21 05 22
1000616 20 05 21 11 41
1000992 20 05 21 15 46
1000785 20 05 22 08 34
1000956 20 05 22 10 22
1000695 20 05 22 13 50
1000651 20 05 23 06 11
1000391 20 05 23 15 07
1000557 20 05 24 20 23
1000531 20 05 27 05 20
1000568 20 05 27 21 29
1000417 20 05 29 04 48
1000580 20 05 29 06 25
1000841 20 05 29 11 27
1000963 20 05 29 21 29
1000846 20 05 30 03 31
1000480 20 05 30 22 03
1000586 20 05 31 23 31
1000825 20 06 01 09 44
1000450 20 06 01 09 59
1000549 20 06 02 04 27
1000985 20 06 02 14 08
1000608 20 06 02 15 44
1000813 20 06 03 05 09
1000706 20 06 03 14 20
1000814 20 06 04 06 11
1000741 20 06 07 21 24
1000522 20 06 07 23 08
1000786 20 06 08 02 04
1000719 20 06 08 17 41
1000453 20 06 08 18 50
1000533 20 06 08 20 55
1000840 20 06 09 03 42
1000977 20 06 09 18 07
1000650 20 06 10 21 38
1000967 20 06 11 00 17
1000779 20 06 12 16 30
1000627 20 06 13 09 43
1000925 20 06 14 08 43
1000540 20 06 15 01 44
1000707 20 06 16 01 24
1000740 20 06 16 20 53
1000766 20 06 17 21 28
1000696 20 06 17 23 10
1000529 20 06 19 05 51
1000865 20 06 19 14 12
1000566 20 06 21 11 25
1000973 20 06 22 10 52
1000525 20 06 23 08 28
1000930 20 06 24 04 03
1000648 20 06 24 04 46
1000947 20 06 26 19 31
1000820 20 06 26 22 28
1000762 20 06 27 10 10
1000530 20 06 27 16 23
1000777 20 06 28 07 20
1000833 20 06 30 01 45
1000554 20 07 01 15 27
1000803 20 07 02 22 47
1000853 20 07 03 02 17
1000544 20 07 03 07 24
1000770 20 07 03 21 42
1000904 20 07 05 06 50
1000922 20 07 05 23 27
1000929 20 07 06 11 11
1000569 20 07 07 23 44
1000691 20 07 08 04 36
1000709 20 07 08 12 09
1000727 20 07 09 16 01
1000941 20 07 09 23 49
1000869 20 07 10 08 00
1000597 20 07 11 22 13
1000641 20 07 13 05 11
1000593 20 07 14 03 31
1000607 20 07 16 01 20
1000943 20 07 16 14 59
1000906 20 07 17 01 41
1000975 20 07 17 10 55
1000613 20 07 18 01 44
1000847 20 07 20 01 26
1000971 20 07 21 21 46
1000858 20 07 22 11 03
1000826 20 07 22 15 37
1000970 20 07 23 10 20
1000945 20 07 23 19 34
1000686 20 07 24 09 04
1000890 20 07 26 03 10
1000776 20 07 26 16 43
1000844 20 07 26 21 34
1000986 20 07 28 12 11
1000763 20 07 28 20 06
1000724 20 07 29 17 23
1000972 20 07 30 15 48
1000878 20 07 31 01 23
1000964 20 07 31 04 36
1000799 20 07 31 14 08
1000863 20 08 01 10 54
1000965 20 08 01 13 16
1000997 20 08 02 08 57
1000787 20 08 03 12 24
1000911 20 08 03 22 21
1000915 20 08 04 06 16
1000957 20 08 05 15 21
1000802 20 08 06 13 05
1000637 20 08 07 23 48
1000836 20 08 08 15 51
1000795 20 08 09 07 40
1000902 20 08 09 09 45
1000905 20 08 13 15 58
1000842 20 08 13 18 39
1000948 20 08 13 20 48
1000946 20 08 14 23 41
1000996 20 08 16 23 01
1000657 20 08 17 19 01
1000756 20 08 17 19 59
1000683 20 08 19 04 39
1000793 20 08 20 02 13
1000851 20 08 20 04 45
1000822 20 08 21 21 14
1000834 20 08 22 17 56
1000689 20 08 26 10 45
1000887 20 08 29 18 29
1000900 20 08 31 07 57
1000892 20 09 02 04 01
1000891 20 09 02 12 22
1000969 20 09 02 13 03
1000978 20 09 04 03 39
1000974 20 09 06 18 17
1000816 20 09 08 04 09
1000872 20 09 08 15 38
1000805 20 09 09 11 33
1000746 20 09 09 22 43
1000927 20 09 10 07 01
1000758 20 09 10 07 07
1000769 20 09 12 22 36
1000811 20 09 16 06 02
1000733 20 09 16 06 58
1000873 20 09 17 21 29
1000888 20 09 18 06 07
1001000 20 09 18 09 01
1000901 20 09 19 07 11
1000798 20 09 19 07 43
1000780 20 09 21 18 10
1000955 20 09 23 12 06
1000764 20 09 23 23 42
1000875 20 09 24 13 54
1000771 20 09 25 06 10
1000932 20 09 25 13 25
1000981 20 09 26 10 41
1000959 20 09 26 17 14
1000772 20 09 28 02 00
1000768 20 09 28 10 30
1000995 20 09 30 17 40
1000950 20 10 02 09 28
1000845 20 10 02 17 56
1000874 20 10 03 07 27
1000928 20 10 08 17 18
1000916 20 10 12 02 54
1000843 20 10 13 06 02
1000809 20 10 14 14 26
1000854 20 10 16 08 14
1000939 20 10 17 04 41
1000954 20 10 19 05 06
1000835 20 10 20 15 41
1000962 20 10 20 20 30
1000984 20 10 23 10 20
1000966 20 10 25 05 49
1000861 20 10 26 12 39
1000862 20 11 03 07 09
1000921 20 11 09 08 39
1000903 20 11 12 05 02
1000976 20 11 21 14 27
1000919 20 11 24 23 20
1000988 20 11 27 14 44
1000940 20 12 08 20 42
