2000032 19 01 15 10 11
2000028 19 01 16 16 57
2000067 19 01 25 18 41
2000068 19 01 27 02 13
2000041 19 01 28 19 05
2000009 19 01 29 06 17
2000065 19 01 31 01 15
2000033 19 02 01 14 25
2000109 19 02 16 15 40
2000093 19 02 19 02 22
2000146 19 03 03 12 32
2000162 19 03 03 14 22
2000159 19 03 08 21 21
2000039 19 03 12 10 45
2000035 19 03 13 20 36
2000014 19 03 13 22 25
2000132 19 03 14 04 02
2000111 19 03 15 05 09
2000030 19 03 15 13 07
2000081 19 03 17 02 07
2000177 19 03 18 05 35
2000117 19 03 21 08 19
2000128 19 03 21 13 40
2000149 19 03 24 22 11
2000186 19 03 25 02 05
2000053 19 03 28 06 16
2000180 19 03 31 11 11
2000088 19 04 03 16 46
2000164 19 04 04 05 21
2000166 19 04 07 09 47
2000194 19 04 09 05 01
2000130 19 04 10 04 16
2000127 19 04 11 13 51
2000007 19 04 13 13 51
2000036 19 04 14 06 59
2000108 19 04 14 23 52
2000174 19 04 15 10 40
2000214 19 04 19 19 39
2000222 19 04 20 00 37
2000113 19 04 22 01 48
2000270 19 04 23 15 11
2000276 19 04 25 09 09
2000236 19 04 28 07 08
2000172 19 04 28 09 04
2000080 19 04 28 20 00
2000066 19 04 29 23 55
2000156 19 04 30 16 10
2000096 19 05 01 00 32
2000056 19 05 03 01 10
2000097 19 05 03 04 45
2000145 19 05 04 03 01
2000047 19 05 04 21 49
2000144 19 05 06 01 55
2000062 19 05 06 08 58
2000011 19 05 06 16 04
2000037 19 05 06 18 02
2000082 19 05 07 07 55
2000300 19 05 09 01 08
2000027 19 05 10 08 47
2000249 19 05 12 11 20
2000002 19 05 13 22 54
2000134 19 05 14 03 18
2000232 19 05 14 17 34
2000217 19 05 15 14 52
2000264 19 05 15 19 54
2000252 19 05 16 11 57
2000239 19 05 16 14 54
2000060 19 05 17 03 06
2000018 19 05 18 05 05
2000044 19 05 18 16 26
2000029 19 05 19 05 42
2000126 19 05 23 12 44
2000123 19 05 26 12 58
2000327 19 05 27 00 13
2000085 19 05 27 03 48
2000051 19 05 27 05 47
2000198 19 05 28 12 35
2000280 19 05 30 13 52
2000138 19 05 30 14 48
2000048 19 06 01 09 45
2000020 19 06 01 12 48
2000246 19 06 01 16 30
2000012 19 06 02 03 16
2000055 19 06 04 04 06
2000255 19 06 04 18 03
2000074 19 06 05 23 21
2000421 19 06 07 03 39
2000335 19 06 09 03 44
2000369 19 06 10 13 47
2000223 19 06 10 22 55
2000432 19 06 11 10 04
2000254 19 06 11 10 59
2000228 19 06 11 12 50
2000188 19 06 11 19 49
2000190 19 06 14 18 00
2000309 19 06 15 06 37
2000409 19 06 15 07 57
2000071 19 06 16 20 31
2000152 19 06 18 12 44
2000230 19 06 18 23 14
2000107 19 06 20 09 49
2000333 19 06 20 17 39
2000219 19 06 20 20 00
2000210 19 06 20 22 48
2000058 19 06 21 00 47
2000015 19 06 21 23 17
2000153 19 06 22 09 45
2000472 19 06 24 17 01
2000133 19 06 25 01 08
2000261 19 06 25 03 32
2000289 19 06 25 21 48
2000452 19 06 28 14 31
2000275 19 06 28 22 02
2000143 19 06 29 04 32
2000458 19 07 01 13 45
2000238 19 07 02 05 18
2000461 19 07 03 02 41
2000193 19 07 03 03 38
2000112 19 07 05 15 33
2000263 19 07 05 23 55
2000385 19 07 06 04 37
2000095 19 07 07 11 01
2000483 19 07 09 21 46
2000278 19 07 12 14 40
2000092 19 07 13 12 37
2000395 19 07 13 18 31
2000122 19 07 14 09 41
2000381 19 07 16 04 25
2000471 19 07 16 15 39
2000543 19 07 16 22 12
2000225 19 07 18 08 10
2000302 19 07 18 13 21
2000262 19 07 19 01 21
2000470 19 07 19 05 04
2000524 19 07 21 14 59
2000438 19 07 21 15 48
2000536 19 07 22 21 32
2000104 19 07 22 22 13
2000242 19 07 23 01 32
2000475 19 07 23 17 09
2000087 19 07 25 21 44
2000380 19 07 27 13 51
2000509 19 07 27 17 08
2000195 19 07 28 02 21
2000324 19 07 28 03 45
2000523 19 07 28 23 44
2000004 19 07 30 13 14
2000336 19 07 31 09 23
2000160 19 07 31 17 30
2000365 19 07 31 22 36
2000320 19 08 01 06 20
2000235 19 08 01 13 25
2000340 19 08 01 13 59
2000453 19 08 01 15 46
2000422 19 08 01 16 15
2000388 19 08 01 17 22
2000376 19 08 02 19 14
2000485 19 08 03 11 52
2000045 19 08 04 11 52
2000283 19 08 04 12 55
2000046 19 08 04 14 20
2000562 19 08 04 23 20
2000322 19 08 05 06 45
2000161 19 08 06 06 15
2000089 19 08 08 05 08
2000341 19 08 10 14 38
2000266 19 08 11 11 15
2000168 19 08 11 21 55
2000001 19 08 11 23 52
2000588 19 08 12 11 37
2000520 19 08 12 11 41
2000431 19 08 12 22 46
2000234 19 08 13 19 03
2000531 19 08 14 12 37
2000183 19 08 17 07 55
2000070 19 08 17 21 02
2000396 19 08 17 21 38
2000277 19 08 18 04 37
2000468 19 08 18 20 45
2000494 19 08 18 23 14
2000394 19 08 19 08 46
2000216 19 08 19 22 58
2000331 19 08 20 02 09
2000568 19 08 20 16 34
2000603 19 08 21 16 39
2000086 19 08 21 18 10
2000005 19 08 22 19 56
2000179 19 08 23 14 37
2000201 19 08 23 21 42
2000129 19 08 23 23 09
2000587 19 08 24 03 35
2000413 19 08 24 18 29
2000414 19 08 25 02 37
2000349 19 08 26 04 10
2000379 19 08 26 04 45
2000623 19 08 26 22 33
2000141 19 08 26 23 05
2000286 19 08 27 01 45
2000643 19 08 27 07 40
2000101 19 08 27 19 55
2000084 19 08 27 23 58
2000083 19 08 28 10 00
2000031 19 08 28 11 21
2000418 19 08 28 14 45
2000296 19 08 28 23 15
2000169 19 08 29 17 00
2000155 19 08 30 05 30
2000050 19 08 30 06 35
2000599 19 08 30 06 39
2000147 19 08 30 15 18
2000258 19 08 31 19 26
2000124 19 09 01 03 05
2000561 19 09 01 05 04
2000016 19 09 02 09 21
2000403 19 09 02 14 31
2000026 19 09 02 17 27
2000244 19 09 02 20 15
2000256 19 09 02 22 38
2000330 19 09 04 22 32
2000436 19 09 05 03 47
2000013 19 09 05 08 38
2000596 19 09 05 10 45
2000565 19 09 05 16 09
2000675 19 09 06 13 35
2000630 19 09 07 03 42
2000073 19 09 07 06 31
2000404 19 09 07 23 07
2000098 19 09 09 17 45
2000465 19 09 09 17 56
2000426 19 09 10 01 32
2000189 19 09 11 03 10
2000463 19 09 11 17 46
2000337 19 09 11 20 19
2000017 19 09 12 14 57
2000648 19 09 13 16 50
2000634 19 09 13 17 39
2000617 19 09 13 23 42
2000613 19 09 14 09 39
2000185 19 09 15 04 11
2000486 19 09 15 15 55
2000135 19 09 16 02 51
2000057 19 09 16 10 42
2000416 19 09 17 12 06
2000367 19 09 17 17 21
2000054 19 09 18 07 15
2000496 19 09 18 16 32
2000529 19 09 19 10 28
2000306 19 09 19 17 50
2000480 19 09 19 23 21
2000241 19 09 20 05 26
2000441 19 09 20 08 01
2000556 19 09 20 14 17
2000487 19 09 21 13 30
2000611 19 09 21 14 59
2000545 19 09 22 04 51
2000527 19 09 22 08 49
2000678 19 09 22 21 11
2000728 19 09 24 02 51
2000622 19 09 24 06 34
2000292 19 09 24 19 12
2000544 19 09 25 05 30
2000110 19 09 25 21 47
2000581 19 09 26 00 24
2000552 19 09 26 00 33
2000375 19 09 26 03 48
2000503 19 09 27 03 34
2000454 19 09 28 01 17
2000064 19 09 28 13 10
2000595 19 09 28 19 33
2000079 19 09 30 05 58
2000737 19 09 30 07 50
2000695 19 09 30 09 21
2000387 19 09 30 21 48
2000393 19 10 01 04 57
2000272 19 10 02 05 46
2000633 19 10 02 14 29
2000582 19 10 03 04 40
2000142 19 10 03 05 51
2000360 19 10 03 07 10
2000417 19 10 03 11 27
2000512 19 10 04 04 06
2000408 19 10 04 06 27
2000412 19 10 04 10 15
2000049 19 10 05 05 14
2000279 19 10 05 15 57
2000625 19 10 06 08 51
2000196 19 10 06 17 12
2000269 19 10 06 19 57
2000696 19 10 07 18 40
2000359 19 10 08 11 57
2000271 19 10 08 21 54
2000350 19 10 08 22 11
2000656 19 10 09 00 57
2000139 19 10 09 21 50
2000343 19 10 09 23 33
2000725 19 10 10 02 16
2000285 19 10 10 06 16
2000167 19 10 11 06 32
2000282 19 10 11 20 48
2000609 19 10 12 10 32
2000714 19 10 12 13 39
2000532 19 10 12 20 35
2000629 19 10 13 00 08
2000522 19 10 13 00 35
2000567 19 10 13 04 33
2000105 19 10 13 15 03
2000665 19 10 13 22 30
2000750 19 10 14 00 16
2000240 19 10 15 06 56
2000042 19 10 16 01 39
2000612 19 10 16 20 00
2000424 19 10 17 05 11
2000775 19 10 19 01 20
2000640 19 10 19 01 48
2000006 19 10 19 07 51
2000199 19 10 19 09 19
2000170 19 10 19 17 01
2000647 19 10 20 14 14
2000024 19 10 20 14 21
2000590 19 10 20 17 50
2000308 19 10 20 19 25
2000319 19 10 21 10 25
2000691 19 10 21 17 24
2000075 19 10 22 07 37
2000118 19 10 22 15 07
2000192 19 10 22 20 18
2000558 19 10 22 23 58
2000019 19 10 23 13 20
2000140 19 10 23 16 14
2000740 19 10 23 23 27
2000564 19 10 25 05 08
2000810 19 10 26 00 31
2000119 19 10 26 15 11
2000641 19 10 28 03 05
2000227 19 10 28 03 33
2000121 19 10 29 00 07
2000658 19 10 29 00 15
2000768 19 10 29 04 37
2000798 19 10 30 01 14
2000052 19 10 30 08 41
2000575 19 10 30 17 36
2000023 19 10 31 03 10
2000672 19 10 31 05 37
2000576 19 10 31 14 49
2000158 19 11 01 04 18
2000402 19 11 01 06 09
2000010 19 11 01 22 28
2000077 19 11 02 16 50
2000833 19 11 03 01 39
2000683 19 11 03 08 45
2000021 19 11 03 12 33
2000699 19 11 03 21 50
2000783 19 11 04 14 43
2000154 19 11 05 13 08
2000247 19 11 06 02 12
2000318 19 11 06 18 56
2000437 19 11 07 06 29
2000361 19 11 07 14 28
2000811 19 11 08 03 18
2000205 19 11 08 12 24
2000352 19 11 08 16 09
2000710 19 11 09 02 11
2000757 19 11 09 07 06
2000518 19 11 09 10 23
2000163 19 11 09 14 56
2000577 19 11 10 08 36
2000165 19 11 11 00 22
2000034 19 11 12 07 05
2000616 19 11 12 11 20
2000181 19 11 13 09 23
2000370 19 11 13 16 13
2000061 19 11 13 18 24
2000553 19 11 13 22 51
2000700 19 11 14 02 37
2000586 19 11 15 02 25
2000502 19 11 15 22 23
2000802 19 11 16 08 44
2000334 19 11 16 10 59
2000530 19 11 16 15 09
2000265 19 11 16 22 12
2000467 19 11 17 06 05
2000384 19 11 17 17 23
2000312 19 11 17 21 21
2000203 19 11 18 00 39
2000209 19 11 18 08 53
2000231 19 11 19 00 14
2000776 19 11 19 00 35
2000778 19 11 19 10 59
2000204 19 11 19 12 18
2000358 19 11 20 10 26
2000571 19 11 20 21 31
2000072 19 11 21 02 09
2000797 19 11 21 09 16
2000267 19 11 21 15 46
2000173 19 11 22 13 00
2000022 19 11 23 04 44
2000501 19 11 23 07 56
2000281 19 11 23 23 48
2000760 19 11 24 11 58
2000448 19 11 25 01 31
2000356 19 11 25 06 15
2000248 19 11 26 00 05
2000197 19 11 26 00 26
2000120 19 11 26 00 31
2000102 19 11 26 21 33
2000770 19 11 27 08 21
2000813 19 11 28 00 53
2000399 19 11 28 03 57
2000415 19 11 29 00 07
2000443 19 11 29 03 47
2000664 19 11 29 07 20
2000364 19 11 29 09 52
2000540 19 11 29 14 30
2000886 19 11 29 15 49
2000477 19 11 30 03 44
2000038 19 11 30 07 38
2000187 19 11 30 10 00
2000748 19 11 30 14 02
2000025 19 11 30 14 21
2000091 19 12 01 13 03
2000383 19 12 02 00 06
2000433 19 12 03 04 52
2000150 19 12 03 16 03
2000304 19 12 04 04 10
2000224 19 12 04 04 51
2000460 19 12 04 06 34
2000355 19 12 04 07 14
2000689 19 12 04 11 22
2000008 19 12 04 15 31
2000792 19 12 06 21 52
2000136 19 12 08 00 53
2000171 19 12 09 00 21
2000804 19 12 09 12 18
2000499 19 12 10 17 12
2000114 19 12 11 04 58
2000157 19 12 11 08 19
2000323 19 12 11 17 46
2000859 19 12 13 13 27
2000184 19 12 14 19 06
2000513 19 12 15 08 20
2000316 19 12 15 11 59
2000427 19 12 16 00 51
2000410 19 12 16 04 44
2000347 19 12 16 17 53
2000059 19 12 16 22 48
2000175 19 12 17 13 24
2000638 19 12 17 16 56
2000298 19 12 17 22 26
2000191 19 12 17 23 50
2000786 19 12 19 04 27
2000315 19 12 19 23 44
2000780 19 12 20 02 04
2000425 19 12 20 06 27
2000473 19 12 21 00 02
2000505 19 12 21 01 58
2000800 19 12 21 03 39
2000907 19 12 21 13 15
2000100 19 12 22 18 55
2000176 19 12 22 20 05
2000500 19 12 23 02 42
2000003 19 12 23 21 54
2000466 19 12 23 23 20
2000213 19 12 24 01 38
2000259 19 12 24 12 24
2000905 19 12 24 21 08
2000090 19 12 24 23 56
2000707 19 12 25 02 58
2000578 19 12 26 01 42
2000043 19 12 26 20 23
2000845 19 12 27 07 02
2000795 19 12 27 19 20
2000879 19 12 28 22 32
2000063 19 12 29 00 11
2000301 19 12 29 03 33
2000040 19 12 29 04 42
2000659 19 12 29 05 55
2000861 19 12 29 08 29
2000464 19 12 29 21 29
2000732 19 12 30 08 23
2000390 19 12 30 13 31
2000721 19 12 30 18 08
2000328 19 12 31 02 37
2000685 19 12 31 16 25
2000550 19 12 31 21 52
2000078 20 01 01 16 34
2000525 20 01 02 20 10
2000220 20 01 03 01 35
2000718 20 01 03 04 05
2000835 20 01 03 17 28
2000601 20 01 05 05 24
2000069 20 01 05 06 52
2000818 20 01 05 10 03
2000469 20 01 05 18 19
2000411 20 01 05 22 54
2000961 20 01 06 01 55
2000762 20 01 06 03 02
2000251 20 01 06 21 30
2000226 20 01 07 16 28
2000734 20 01 07 19 39
2000753 20 01 08 02 22
2000243 20 01 08 04 15
2000368 20 01 08 07 42
2000637 20 01 08 19 19
2000221 20 01 08 20 57
2000535 20 01 08 21 31
2000429 20 01 08 21 50
2000547 20 01 09 08 41
2000631 20 01 09 19 21
2000274 20 01 10 05 19
2000779 20 01 10 12 13
2000903 20 01 10 16 19
2000490 20 01 11 10 00
2000904 20 01 12 12 18
2000366 20 01 12 20 26
2000288 20 01 13 06 38
2000847 20 01 13 12 12
2000927 20 01 13 19 29
2000116 20 01 13 22 01
2000303 20 01 13 23 45
2000212 20 01 14 04 34
2000650 20 01 14 05 07
2000311 20 01 14 22 45
2000660 20 01 14 23 35
2000805 20 01 15 04 20
2000851 20 01 15 08 26
2000875 20 01 15 23 35
2000131 20 01 16 01 37
2000897 20 01 16 02 35
2000250 20 01 17 08 21
2000701 20 01 18 04 06
2000855 20 01 18 06 36
2000291 20 01 18 07 38
2000566 20 01 19 04 23
2000997 20 01 19 09 19
2000076 20 01 20 02 52
2000273 20 01 20 15 23
2000103 20 01 20 21 51
2000794 20 01 21 02 25
2000299 20 01 21 05 45
2000182 20 01 21 09 53
2000428 20 01 21 17 11
2000972 20 01 21 21 44
2000899 20 01 21 23 12
2000994 20 01 22 06 53
2000666 20 01 22 15 02
2000579 20 01 22 18 26
2000652 20 01 23 06 17
2000719 20 01 23 23 43
2000674 20 01 24 00 27
2000829 20 01 24 10 28
2000382 20 01 24 11 09
2000958 20 01 24 12 38
2000115 20 01 24 19 58
2000371 20 01 24 21 51
2000106 20 01 24 22 33
2000208 20 01 25 01 27
2000202 20 01 25 21 44
2000871 20 01 27 01 15
2000200 20 01 27 19 00
2000125 20 01 27 19 50
2000911 20 01 28 19 25
2000681 20 01 28 20 50
2000211 20 01 30 15 27
2000551 20 01 30 20 17
2000964 20 01 31 03 26
2000295 20 01 31 06 46
2000554 20 01 31 13 35
2000099 20 01 31 17 03
2000815 20 02 01 09 00
2000094 20 02 01 16 40
2000400 20 02 01 21 31
2000148 20 02 02 09 07
2000747 20 02 02 12 31
2000374 20 02 02 18 11
2000541 20 02 02 19 14
2000916 20 02 03 08 00
2000253 20 02 03 21 34
2000516 20 02 03 22 40
2000137 20 02 04 07 55
2000344 20 02 04 11 08
2000338 20 02 05 15 44
2000313 20 02 05 20 28
2000445 20 02 05 23 08
2000215 20 02 06 14 13
2000346 20 02 06 14 49
2000922 20 02 06 20 12
2000950 20 02 06 22 50
2000151 20 02 06 23 28
2000342 20 02 07 01 58
2000391 20 02 07 16 36
2000268 20 02 08 09 40
2000584 20 02 08 10 32
2000305 20 02 09 05 03
2000420 20 02 09 14 22
2000206 20 02 09 16 28
2000321 20 02 12 14 39
2000326 20 02 13 00 18
2000310 20 02 13 19 19
2000405 20 02 13 23 15
2000840 20 02 14 16 19
2000294 20 02 15 05 58
2000233 20 02 17 01 45
2000860 20 02 17 08 35
2000218 20 02 17 10 21
2000351 20 02 17 14 47
2000398 20 02 17 21 38
2000533 20 02 18 03 21
2000178 20 02 18 06 26
2000823 20 02 18 12 17
2000956 20 02 18 14 03
2000521 20 02 18 20 25
2000812 20 02 19 10 36
2000573 20 02 19 15 09
2000290 20 02 19 15 18
2000693 20 02 19 22 24
2000844 20 02 20 00 29
2000712 20 02 20 17 14
2000583 20 02 20 20 10
2000825 20 02 21 03 27
2000354 20 02 21 20 31
2000824 20 02 22 01 09
2000440 20 02 22 10 04
2000723 20 02 23 03 14
2000628 20 02 23 08 28
2000627 20 02 25 14 54
2000741 20 02 25 16 08
2000682 20 02 25 18 11
2000307 20 02 26 05 42
2000809 20 02 26 06 49
2000918 20 02 26 07 52
2000991 20 02 27 04 00
2000620 20 02 27 10 54
2000955 20 02 27 11 18
2000594 20 02 27 11 27
2000569 20 02 27 21 09
2000933 20 02 28 00 09
2000868 20 02 28 00 20
2000439 20 02 28 10 31
2000348 20 02 28 23 48
2000362 20 02 29 00 43
2000669 20 02 29 17 15
2000676 20 03 01 04 39
2000910 20 03 01 11 19
2000207 20 03 01 15 53
2000297 20 03 02 02 11
2000506 20 03 02 16 01
2000495 20 03 02 19 16
2000668 20 03 02 22 45
2000801 20 03 03 03 25
2000876 20 03 03 04 39
2000497 20 03 03 18 07
2000867 20 03 04 06 14
2000378 20 03 04 07 07
2000878 20 03 05 09 52
2000257 20 03 06 00 07
2000831 20 03 06 18 28
2000739 20 03 07 05 08
2000968 20 03 07 12 09
2000869 20 03 07 18 44
2000479 20 03 08 06 15
2000973 20 03 08 07 08
2000229 20 03 08 10 19
2000989 20 03 08 18 47
2000377 20 03 08 20 22
2000690 20 03 09 06 45
2000508 20 03 09 09 53
2000954 20 03 10 00 07
2000852 20 03 10 21 51
2000345 20 03 11 18 30
2000842 20 03 11 18 51
2000752 20 03 13 16 10
2000761 20 03 13 17 44
2000549 20 03 14 02 00
2000970 20 03 14 23 35
2000926 20 03 15 00 28
2001000 20 03 15 02 45
2000736 20 03 15 07 14
2000572 20 03 15 11 00
2000507 20 03 15 11 54
2000706 20 03 15 19 18
2000720 20 03 16 03 42
2000826 20 03 16 09 02
2000339 20 03 17 06 31
2000765 20 03 17 07 47
2000726 20 03 17 13 13
2000744 20 03 17 20 55
2000534 20 03 18 06 28
2000442 20 03 18 13 21
2000993 20 03 18 19 34
2000514 20 03 18 21 15
2000260 20 03 19 07 19
2000293 20 03 21 01 52
2000828 20 03 21 11 13
2000988 20 03 21 13 03
2000401 20 03 21 14 21
2000237 20 03 22 00 00
2000985 20 03 22 17 19
2000839 20 03 22 19 20
2000478 20 03 23 20 37
2000979 20 03 24 16 31
2000462 20 03 25 10 28
2000608 20 03 25 20 31
2000325 20 03 26 06 15
2000570 20 03 28 16 47
2000488 20 03 28 19 21
2000722 20 03 29 06 58
2000796 20 03 29 16 39
2000600 20 03 29 18 40
2000245 20 03 30 00 06
2000357 20 03 30 07 08
2000419 20 03 30 07 29
2000944 20 03 30 15 17
2000713 20 03 31 16 32
2000661 20 04 01 01 43
2000491 20 04 01 08 18
2000836 20 04 01 13 33
2000817 20 04 01 19 53
2000670 20 04 02 05 14
2000597 20 04 02 07 12
2000406 20 04 02 08 40
2000423 20 04 02 10 14
2000909 20 04 02 17 14
2000932 20 04 02 20 06
2000808 20 04 03 03 53
2000317 20 04 03 09 31
2000900 20 04 03 15 18
2000785 20 04 03 21 51
2000902 20 04 04 04 22
2000548 20 04 04 17 03
2000937 20 04 04 18 16
2000959 20 04 05 13 31
2000877 20 04 05 13 33
2000353 20 04 06 02 39
2000887 20 04 07 02 11
2000446 20 04 07 16 18
2000397 20 04 07 16 27
2000717 20 04 07 20 05
2000791 20 04 08 02 31
2000773 20 04 08 05 30
2000626 20 04 08 11 14
2000392 20 04 08 14 17
2000314 20 04 08 18 54
2000559 20 04 08 19 49
2000914 20 04 09 01 21
2000606 20 04 09 22 42
2000742 20 04 10 03 09
2000372 20 04 11 05 35
2000546 20 04 11 09 32
2000592 20 04 11 11 43
2000515 20 04 11 16 01
2000287 20 04 11 18 12
2000624 20 04 12 16 55
2000704 20 04 13 15 56
2000407 20 04 13 17 40
2000284 20 04 14 03 16
2000474 20 04 14 06 05
2000363 20 04 14 20 31
2000329 20 04 16 14 33
2000646 20 04 16 15 26
2000493 20 04 17 23 43
2000332 20 04 18 15 12
2000560 20 04 18 17 15
2000863 20 04 21 03 31
2000751 20 04 21 21 28
2000456 20 04 22 17 22
2000756 20 04 23 00 48
2000621 20 04 23 05 12
2000790 20 04 23 14 45
2000642 20 04 23 15 37
2000767 20 04 24 04 23
2000459 20 04 24 04 31
2000731 20 04 24 17 20
2000679 20 04 25 08 56
2000890 20 04 26 01 13
2000981 20 04 26 01 32
2000602 20 04 27 06 45
2000555 20 04 27 08 26
2000528 20 04 27 15 57
2000389 20 04 27 23 55
2000862 20 04 28 04 51
2000906 20 04 28 19 41
2000819 20 04 28 21 00
2000724 20 04 29 08 21
2000771 20 04 29 09 19
2000511 20 04 30 13 09
2000447 20 05 01 22 02
2000885 20 05 02 16 47
2000373 20 05 03 10 18
2000589 20 05 03 14 03
2000430 20 05 03 21 38
2000563 20 05 03 22 53
2000449 20 05 03 23 39
2000698 20 05 05 13 32
2000649 20 05 05 15 19
2000607 20 05 05 19 04
2000653 20 05 06 01 49
2000593 20 05 06 08 16
2000444 20 05 06 11 42
2000510 20 05 06 16 47
2000873 20 05 07 09 20
2000598 20 05 07 19 43
2000654 20 05 08 02 26
2000537 20 05 08 21 37
2000526 20 05 09 09 26
2000990 20 05 10 06 06
2000386 20 05 10 23 07
2000702 20 05 11 22 04
2000788 20 05 12 09 12
2000482 20 05 12 21 42
2000846 20 05 14 14 09
2000694 20 05 14 14 57
2000837 20 05 16 01 13
2000763 20 05 16 03 06
2000636 20 05 16 20 05
2000435 20 05 17 00 47
2000781 20 05 17 00 50
2000476 20 05 17 20 34
2000915 20 05 18 20 21
2000434 20 05 19 05 45
2000450 20 05 21 15 53
2000934 20 05 22 00 02
2000455 20 05 22 06 29
2000960 20 05 22 15 38
2000492 20 05 24 06 55
2000995 20 05 24 12 31
2000963 20 05 25 18 13
2000517 20 05 26 12 20
2000746 20 05 26 23 17
2000745 20 05 28 13 45
2000987 20 05 29 09 12
2000715 20 05 29 15 58
2000882 20 05 30 10 48
2000807 20 05 30 13 32
2000816 20 05 31 00 25
2000481 20 06 01 05 30
2000651 20 06 01 14 53
2000799 20 06 03 06 41
2000952 20 06 03 10 17
2000709 20 06 04 02 37
2000711 20 06 04 09 10
2000978 20 06 05 05 36
2000615 20 06 05 10 02
2000948 20 06 05 16 41
2000716 20 06 06 06 08
2000866 20 06 06 11 00
2000974 20 06 06 14 31
2000898 20 06 06 15 06
2000684 20 06 06 20 27
2000457 20 06 07 13 43
2000888 20 06 09 00 59
2000484 20 06 09 15 07
2000830 20 06 10 13 39
2000901 20 06 11 00 50
2000451 20 06 11 04 12
2000789 20 06 11 07 13
2000814 20 06 11 20 57
2000538 20 06 13 03 34
2000639 20 06 13 09 15
2000680 20 06 13 22 54
2000843 20 06 14 11 14
2000953 20 06 15 01 40
2000657 20 06 15 16 16
2000759 20 06 16 07 11
2000896 20 06 16 08 20
2000697 20 06 16 22 10
2000498 20 06 17 10 37
2000489 20 06 18 01 00
2000644 20 06 18 07 32
2000618 20 06 19 02 35
2000730 20 06 20 00 38
2000692 20 06 20 12 15
2000806 20 06 20 19 36
2000853 20 06 20 23 38
2000539 20 06 21 02 09
2000574 20 06 21 17 46
2000894 20 06 22 04 53
2000838 20 06 22 09 02
2000663 20 06 22 09 16
2000787 20 06 23 02 01
2000705 20 06 23 10 41
2000755 20 06 23 20 13
2000951 20 06 24 20 08
2000619 20 06 25 12 21
2000965 20 06 26 01 58
2000870 20 06 27 10 33
2000504 20 06 29 07 28
2000820 20 06 30 02 21
2000655 20 06 30 13 49
2000929 20 07 01 18 34
2000822 20 07 02 03 22
2000519 20 07 04 02 47
2000727 20 07 04 11 24
2000542 20 07 05 23 24
2000864 20 07 08 05 11
2000743 20 07 10 05 27
2000610 20 07 10 07 01
2000585 20 07 10 23 14
2000708 20 07 11 09 03
2000874 20 07 12 02 16
2000976 20 07 12 10 17
2000645 20 07 15 05 49
2000557 20 07 15 08 33
2000784 20 07 16 01 36
2000841 20 07 16 04 31
2000803 20 07 16 05 50
2000942 20 07 16 15 57
2000928 20 07 18 06 19
2000749 20 07 18 20 05
2000766 20 07 19 01 05
2000671 20 07 21 07 21
2000632 20 07 21 11 46
2000605 20 07 22 13 43
2000580 20 07 23 08 17
2000975 20 07 24 01 57
2000677 20 07 24 11 08
2000943 20 07 24 13 52
2000686 20 07 26 15 30
2000774 20 07 27 10 41
2000667 20 07 28 12 01
2000917 20 07 30 06 41
2000604 20 07 30 08 22
2000758 20 07 30 09 37
2000977 20 07 30 18 05
2000935 20 07 31 06 45
2000614 20 07 31 14 50
2000591 20 08 01 10 28
2000782 20 08 01 10 35
2000992 20 08 02 06 35
2000635 20 08 04 21 20
2000703 20 08 06 01 26
2000893 20 08 06 14 23
2000883 20 08 07 20 20
2000957 20 08 10 01 02
2000919 20 08 10 18 39
2000939 20 08 11 02 18
2000772 20 08 11 02 30
2000891 20 08 11 03 40
2000688 20 08 13 13 30
2000827 20 08 13 16 41
2000777 20 08 14 03 31
2000920 20 08 15 21 55
2000729 20 08 16 20 48
2000821 20 08 17 14 02
2000857 20 08 21 18 29
2000662 20 08 22 18 05
2000769 20 08 24 03 48
2000673 20 08 24 17 42
2000881 20 08 27 02 05
2000945 20 08 29 19 10
2000754 20 08 30 17 20
2000930 20 08 30 17 59
2000946 20 08 31 05 59
2000735 20 09 02 05 48
2000858 20 09 02 12 29
2000687 20 09 03 03 00
2000949 20 09 03 13 45
2000733 20 09 05 00 37
2000938 20 09 05 07 50
2000941 20 09 06 13 04
2000967 20 09 08 09 19
2000872 20 09 13 07 17
2000913 20 09 14 15 01
2000849 20 09 16 03 55
2000924 20 09 18 04 03
2000738 20 09 20 13 46
2000969 20 09 28 01 48
2000998 20 09 28 02 50
2000923 20 09 29 04 19
2000936 20 09 29 13 44
2000764 20 09 29 14 52
2000962 20 10 01 17 20
2000983 20 10 02 19 16
2000856 20 10 04 05 44
2000921 20 10 04 23 49
2000793 20 10 08 21 00
2000832 20 10 10 12 00
2000982 20 10 10 18 20
2000850 20 10 12 13 18
2000854 20 10 13 15 40
2000848 20 10 13 18 12
2000931 20 10 13 21 53
2000889 20 10 13 23 13
2000980 20 10 14 09 47
2000834 20 10 21 09 32
2000984 20 10 21 20 22
2000892 20 10 22 02 10
2000865 20 10 27 20 37
2000880 20 10 27 22 55
2000884 20 10 31 10 10
2000996 20 11 03 06 46
2000986 20 11 06 17 08
2000966 20 11 07 00 53
2000947 20 11 09 00 54
2000940 20 11 09 20 31
2000908 20 11 10 12 30
2000971 20 11 15 05 04
2000925 20 11 20 13 51
2000895 20 11 23 08 15
2000912 20 12 02 06 52
2000999 20 12 22 16 05
