1000001 19 01 01 10 58
1000002 19 01 01 22 48
1000003 19 01 02 14 21
1000004 19 01 02 23 52
1000005 19 01 03 02 40
1000006 19 01 04 07 03
1000007 19 01 04 08 21
1000008 19 01 04 19 35
1000009 19 01 05 04 32
1000010 19 01 05 07 18
1000011 19 01 05 13 36
1000012 19 01 05 14 33
1000013 19 01 06 07 02
1000014 19 01 06 12 06
1000015 19 01 06 12 12
1000016 19 01 06 13 47
1000017 19 01 07 16 34
1000018 19 01 08 06 30
1000019 19 01 08 11 25
1000020 19 01 08 22 34
1000021 19 01 09 01 35
1000022 19 01 09 13 03
1000023 19 01 09 15 55
1000024 19 01 09 18 40
1000025 19 01 10 00 51
1000026 19 01 10 08 23
1000027 19 01 10 09 14
1000028 19 01 10 16 22
1000029 19 01 11 04 09
1000030 19 01 11 16 41
1000031 19 01 12 05 51
1000032 19 01 12 08 17
1000033 19 01 12 22 34
1000034 19 01 14 06 47
1000035 19 01 14 07 12
1000036 19 01 14 14 10
1000037 19 01 14 18 36
1000038 19 01 14 22 24
1000039 19 01 14 23 11
1000040 19 01 15 05 53
1000041 19 01 15 10 40
1000042 19 01 16 03 35
1000043 19 01 16 12 19
1000044 19 01 16 20 08
1000045 19 01 17 05 48
1000046 19 01 17 13 56
1000047 19 01 17 17 45
1000048 19 01 18 12 35
1000049 19 01 18 14 53
1000050 19 01 19 04 30
1000051 19 01 19 11 37
1000052 19 01 19 16 03
1000053 19 01 21 01 00
1000054 19 01 21 14 29
1000055 19 01 22 01 26
1000056 19 01 22 13 30
1000057 19 01 22 18 11
1000058 19 01 23 00 37
1000059 19 01 23 11 40
1000060 19 01 23 13 55
1000061 19 01 23 15 23
1000062 19 01 23 17 54
1000063 19 01 25 08 56
1000064 19 01 25 15 48
1000065 19 01 25 17 14
1000066 19 01 26 15 55
1000067 19 01 26 21 06
1000068 19 01 27 00 06
1000069 19 01 28 00 29
1000070 19 01 28 19 15
1000071 19 01 29 02 09
1000072 19 01 29 02 28
1000073 19 01 29 02 51
1000074 19 01 29 19 56
1000075 19 01 29 22 04
1000076 19 01 30 04 03
1000077 19 01 30 20 05
1000078 19 01 31 05 55
1000079 19 01 31 11 05
1000080 19 01 31 13 02
1000081 19 02 01 18 17
1000082 19 02 01 19 09
1000083 19 02 02 13 45
1000084 19 02 02 15 04
1000085 19 02 02 21 54
1000086 19 02 03 11 15
1000087 19 02 03 23 06
1000088 19 02 03 23 22
1000089 19 02 04 17 31
1000090 19 02 05 01 12
1000091 19 02 05 12 48
1000092 19 02 05 20 57
1000093 19 02 05 23 47
1000094 19 02 06 06 19
1000095 19 02 06 14 31
1000096 19 02 06 18 24
1000097 19 02 07 15 29
1000098 19 02 08 01 11
1000099 19 02 08 10 31
1000100 19 02 08 15 15
1000101 19 02 08 15 38
1000102 19 02 08 20 36
1000103 19 02 09 01 04
1000104 19 02 09 01 40
1000105 19 02 09 03 55
1000106 19 02 09 08 52
1000107 19 02 09 09 03
1000108 19 02 09 15 08
1000109 19 02 09 16 42
1000110 19 02 09 18 01
1000111 19 02 09 19 03
1000112 19 02 09 21 25
1000113 19 02 10 00 51
1000114 19 02 10 03 09
1000115 19 02 10 20 09
1000116 19 02 12 04 35
1000117 19 02 12 11 25
1000118 19 02 12 17 27
1000119 19 02 13 04 52
1000120 19 02 13 04 54
1000121 19 02 13 16 00
1000122 19 02 14 04 44
1000123 19 02 14 17 59
1000124 19 02 14 22 23
1000125 19 02 15 00 40
1000126 19 02 15 00 43
1000127 19 02 15 01 53
1000128 19 02 15 14 03
1000129 19 02 16 10 03
1000130 19 02 16 11 58
1000131 19 02 17 06 13
1000132 19 02 17 12 49
1000133 19 02 18 01 38
1000134 19 02 18 09 14
1000135 19 02 18 17 13
1000136 19 02 18 22 07
1000137 19 02 19 11 30
1000138 19 02 19 12 35
1000139 19 02 20 00 13
1000140 19 02 20 02 39
1000141 19 02 20 10 08
1000142 19 02 21 12 50
1000143 19 02 21 14 50
1000144 19 02 21 22 49
1000145 19 02 22 11 25
1000146 19 02 23 01 45
1000147 19 02 23 07 20
1000148 19 02 23 16 55
1000149 19 02 23 21 10
1000150 19 02 23 22 28
1000151 19 02 24 03 59
1000152 19 02 24 09 14
1000153 19 02 24 11 15
1000154 19 02 25 07 00
1000155 19 02 25 10 24
1000156 19 02 25 23 51
1000157 19 02 26 05 32
1000158 19 02 26 10 00
1000159 19 02 26 10 18
1000160 19 02 26 15 50
1000161 19 02 26 23 14
1000162 19 02 27 01 07
1000163 19 02 27 06 36
1000164 19 02 27 12 08
1000165 19 02 28 05 36
1000166 19 02 28 08 11
1000167 19 02 28 08 13
1000168 19 02 28 08 54
1000169 19 02 28 17 24
1000170 19 02 28 22 38
1000171 19 03 01 12 14
1000172 19 03 01 16 13
1000173 19 03 01 20 28
1000174 19 03 02 00 18
1000175 19 03 02 06 24
1000176 19 03 03 01 46
1000177 19 03 03 04 00
1000178 19 03 05 03 18
1000179 19 03 05 09 22
1000180 19 03 05 12 45
1000181 19 03 05 14 26
1000182 19 03 06 00 40
1000183 19 03 06 17 38
1000184 19 03 06 21 19
1000185 19 03 07 07 41
1000186 19 03 07 10 06
1000187 19 03 07 11 23
1000188 19 03 07 16 35
1000189 19 03 09 08 16
1000190 19 03 09 09 02
1000191 19 03 09 10 28
1000192 19 03 09 10 42
1000193 19 03 09 13 31
1000194 19 03 09 18 18
1000195 19 03 09 20 14
1000196 19 03 12 03 05
1000197 19 03 12 20 39
1000198 19 03 13 00 40
1000199 19 03 13 03 03
1000200 19 03 13 05 01
1000201 19 03 13 13 27
1000202 19 03 13 22 12
1000203 19 03 14 05 42
1000204 19 03 14 06 04
1000205 19 03 14 11 11
1000206 19 03 14 12 55
1000207 19 03 14 15 38
1000208 19 03 14 16 03
1000209 19 03 14 16 36
1000210 19 03 14 17 43
1000211 19 03 14 20 13
1000212 19 03 14 22 30
1000213 19 03 15 11 13
1000214 19 03 15 13 47
1000215 19 03 15 18 49
1000216 19 03 15 19 51
1000217 19 03 16 02 00
1000218 19 03 16 20 50
1000219 19 03 17 06 19
1000220 19 03 18 02 24
1000221 19 03 19 14 23
1000222 19 03 19 16 14
1000223 19 03 19 17 30
1000224 19 03 20 05 43
1000225 19 03 20 11 41
1000226 19 03 21 14 17
1000227 19 03 23 04 30
1000228 19 03 23 09 36
1000229 19 03 23 15 41
1000230 19 03 24 03 42
1000231 19 03 24 14 22
1000232 19 03 24 22 25
1000233 19 03 25 08 01
1000234 19 03 25 16 09
1000235 19 03 26 03 08
1000236 19 03 26 06 29
1000237 19 03 27 22 53
1000238 19 03 28 07 11
1000239 19 03 28 20 43
1000240 19 03 29 02 56
1000241 19 03 29 04 46
1000242 19 03 29 08 57
1000243 19 03 29 12 33
1000244 19 03 29 13 31
1000245 19 03 30 04 00
1000246 19 03 30 22 32
1000247 19 03 31 01 35
1000248 19 04 02 21 06
1000249 19 04 03 14 37
1000250 19 04 03 17 03
1000251 19 04 05 02 18
1000252 19 04 05 11 19
1000253 19 04 05 14 09
1000254 19 04 05 14 44
1000255 19 04 06 07 22
1000256 19 04 06 07 25
1000257 19 04 06 09 21
1000258 19 04 06 17 49
1000259 19 04 06 21 36
1000260 19 04 08 10 51
1000261 19 04 09 00 12
1000262 19 04 09 18 43
1000263 19 04 09 20 49
1000264 19 04 10 03 07
1000265 19 04 10 05 43
1000266 19 04 10 12 04
1000267 19 04 10 19 03
1000268 19 04 10 23 54
1000269 19 04 11 03 29
1000270 19 04 11 08 51
1000271 19 04 11 18 36
1000272 19 04 11 19 36
1000273 19 04 11 21 51
1000274 19 04 12 18 04
1000275 19 04 12 22 40
1000276 19 04 13 01 02
1000277 19 04 13 04 30
1000278 19 04 13 05 53
1000279 19 04 13 09 19
1000280 19 04 13 13 38
1000281 19 04 13 17 32
1000282 19 04 13 18 28
1000283 19 04 14 04 18
1000284 19 04 14 07 22
1000285 19 04 14 14 10
1000286 19 04 14 22 58
1000287 19 04 15 03 23
1000288 19 04 15 07 44
1000289 19 04 15 13 30
1000290 19 04 16 03 47
1000291 19 04 16 05 48
1000292 19 04 16 23 57
1000293 19 04 17 00 29
1000294 19 04 17 00 52
1000295 19 04 17 01 38
1000296 19 04 17 02 00
1000297 19 04 17 07 12
1000298 19 04 17 20 34
1000299 19 04 18 01 51
1000300 19 04 19 03 08
1000301 19 04 19 15 07
1000302 19 04 19 16 37
1000303 19 04 19 23 28
1000304 19 04 20 08 46
1000305 19 04 20 22 14
1000306 19 04 21 12 39
1000307 19 04 21 16 28
1000308 19 04 21 21 48
1000309 19 04 22 11 18
1000310 19 04 22 22 54
1000311 19 04 23 12 24
1000312 19 04 25 01 44
1000313 19 04 25 02 06
1000314 19 04 25 08 10
1000315 19 04 25 13 23
1000316 19 04 25 14 22
1000317 19 04 26 00 00
1000318 19 04 26 13 46
1000319 19 04 26 18 36
1000320 19 04 26 20 53
1000321 19 04 27 00 59
1000322 19 04 27 03 49
1000323 19 04 27 04 31
1000324 19 04 27 06 30
1000325 19 04 27 08 52
1000326 19 04 27 11 28
1000327 19 04 28 18 41
1000328 19 04 28 21 19
1000329 19 04 29 04 17
1000330 19 04 30 10 47
1000331 19 04 30 14 52
1000332 19 05 01 01 38
1000333 19 05 02 05 52
1000334 19 05 02 10 36
1000335 19 05 02 18 47
1000336 19 05 04 09 34
1000337 19 05 04 21 36
1000338 19 05 05 19 30
1000339 19 05 06 00 29
1000340 19 05 06 15 00
1000341 19 05 07 11 43
1000342 19 05 07 17 43
1000343 19 05 09 02 43
1000344 19 05 09 03 45
1000345 19 05 09 09 17
1000346 19 05 09 15 16
1000347 19 05 09 19 39
1000348 19 05 10 12 01
1000349 19 05 10 14 51
1000350 19 05 11 22 55
1000351 19 05 12 05 27
1000352 19 05 12 09 31
1000353 19 05 12 10 28
1000354 19 05 12 13 09
1000355 19 05 12 14 59
1000356 19 05 12 21 24
1000357 19 05 13 01 47
1000358 19 05 13 08 30
1000359 19 05 13 10 46
1000360 19 05 13 19 13
1000361 19 05 14 05 38
1000362 19 05 14 06 50
1000363 19 05 14 10 44
1000364 19 05 14 22 25
1000365 19 05 14 23 09
1000366 19 05 15 02 40
1000367 19 05 15 06 26
1000368 19 05 15 13 16
1000369 19 05 15 17 35
1000370 19 05 16 11 01
1000371 19 05 16 13 31
1000372 19 05 16 18 33
1000373 19 05 16 23 28
1000374 19 05 17 00 15
1000375 19 05 17 01 58
1000376 19 05 18 02 06
1000377 19 05 18 03 27
1000378 19 05 18 13 50
1000379 19 05 18 15 56
1000380 19 05 18 16 37
1000381 19 05 18 17 55
1000382 19 05 18 21 16
1000383 19 05 19 07 25
1000384 19 05 19 09 52
1000385 19 05 19 23 06
1000386 19 05 21 00 41
1000387 19 05 21 08 20
1000388 19 05 21 18 27
1000389 19 05 22 13 32
1000390 19 05 22 17 56
1000391 19 05 23 13 12
1000392 19 05 23 23 51
1000393 19 05 24 12 14
1000394 19 05 24 14 32
1000395 19 05 25 00 48
1000396 19 05 25 04 08
1000397 19 05 25 05 47
1000398 19 05 25 11 33
1000399 19 05 25 19 50
1000400 19 05 25 20 21
1000401 19 05 26 02 17
1000402 19 05 26 02 48
1000403 19 05 26 08 51
1000404 19 05 26 20 44
1000405 19 05 27 02 08
1000406 19 05 27 02 20
1000407 19 05 27 06 00
1000408 19 05 27 08 35
1000409 19 05 27 13 08
1000410 19 05 27 18 32
1000411 19 05 29 01 15
1000412 19 05 29 05 39
1000413 19 05 29 07 19
1000414 19 05 29 10 05
1000415 19 05 29 19 01
1000416 19 05 29 22 47
1000417 19 05 30 16 34
1000418 19 05 30 16 47
1000419 19 05 30 19 52
1000420 19 05 30 20 27
1000421 19 06 01 10 44
1000422 19 06 01 13 04
1000423 19 06 02 00 17
1000424 19 06 02 05 50
1000425 19 06 02 12 27
1000426 19 06 02 15 47
1000427 19 06 02 19 27
1000428 19 06 02 22 51
1000429 19 06 03 07 37
1000430 19 06 03 09 03
1000431 19 06 03 15 48
1000432 19 06 04 14 00
1000433 19 06 04 22 13
1000434 19 06 05 03 50
1000435 19 06 05 06 25
1000436 19 06 05 09 08
1000437 19 06 05 14 53
1000438 19 06 05 21 57
1000439 19 06 06 01 14
1000440 19 06 06 07 59
1000441 19 06 06 13 05
1000442 19 06 06 16 16
1000443 19 06 06 17 09
1000444 19 06 06 19 15
1000445 19 06 06 19 19
1000446 19 06 07 17 22
1000447 19 06 08 07 38
1000448 19 06 09 02 59
1000449 19 06 09 13 40
1000450 19 06 10 07 23
1000451 19 06 10 17 16
1000452 19 06 10 18 37
1000453 19 06 10 21 15
1000454 19 06 10 21 43
1000455 19 06 11 14 59
1000456 19 06 11 20 26
1000457 19 06 11 23 06
1000458 19 06 12 03 33
1000459 19 06 12 06 44
1000460 19 06 12 15 12
1000461 19 06 12 21 03
1000462 19 06 13 15 43
1000463 19 06 13 21 22
1000464 19 06 14 02 11
1000465 19 06 15 17 01
1000466 19 06 15 17 26
1000467 19 06 16 00 31
1000468 19 06 16 09 29
1000469 19 06 16 10 09
1000470 19 06 16 11 52
1000471 19 06 16 20 07
1000472 19 06 16 21 32
1000473 19 06 17 00 11
1000474 19 06 17 02 08
1000475 19 06 18 06 00
1000476 19 06 19 11 15
1000477 19 06 19 12 21
1000478 19 06 20 13 49
1000479 19 06 21 12 57
1000480 19 06 21 13 08
1000481 19 06 22 06 14
1000482 19 06 22 08 01
1000483 19 06 22 15 49
1000484 19 06 22 18 09
1000485 19 06 23 07 32
1000486 19 06 23 10 31
1000487 19 06 23 20 07
1000488 19 06 23 21 02
1000489 19 06 24 11 35
1000490 19 06 25 01 31
1000491 19 06 25 06 21
1000492 19 06 25 20 27
1000493 19 06 25 20 55
1000494 19 06 26 01 26
1000495 19 06 26 18 03
1000496 19 06 26 23 40
1000497 19 06 26 23 53
1000498 19 06 27 07 00
1000499 19 06 27 13 47
1000500 19 06 28 10 51
1000501 19 06 28 13 16
1000502 19 06 29 18 49
1000503 19 06 29 19 00
1000504 19 06 29 23 12
1000505 19 06 30 02 56
1000506 19 06 30 14 05
1000507 19 06 30 17 25
1000508 19 07 01 02 34
1000509 19 07 01 21 12
1000510 19 07 02 00 19
1000511 19 07 02 02 12
1000512 19 07 02 13 29
1000513 19 07 02 14 01
1000514 19 07 02 15 57
1000515 19 07 03 00 00
1000516 19 07 03 08 29
1000517 19 07 03 12 22
1000518 19 07 04 00 55
1000519 19 07 04 08 17
1000520 19 07 04 15 27
1000521 19 07 04 15 56
1000522 19 07 04 19 56
1000523 19 07 05 03 26
1000524 19 07 05 04 06
1000525 19 07 05 14 08
1000526 19 07 05 14 40
1000527 19 07 06 07 03
1000528 19 07 06 21 50
1000529 19 07 07 06 47
1000530 19 07 07 07 02
1000531 19 07 07 15 12
1000532 19 07 08 09 17
1000533 19 07 09 01 51
1000534 19 07 09 03 43
1000535 19 07 09 09 12
1000536 19 07 09 12 54
1000537 19 07 09 16 54
1000538 19 07 09 17 05
1000539 19 07 10 03 06
1000540 19 07 11 21 37
1000541 19 07 11 21 48
1000542 19 07 12 03 06
1000543 19 07 12 05 18
1000544 19 07 12 16 01
1000545 19 07 12 19 04
1000546 19 07 13 00 05
1000547 19 07 13 17 36
1000548 19 07 14 10 53
1000549 19 07 14 18 05
1000550 19 07 14 22 28
1000551 19 07 15 06 30
1000552 19 07 15 06 37
1000553 19 07 15 13 29
1000554 19 07 16 04 01
1000555 19 07 16 04 25
1000556 19 07 16 06 27
1000557 19 07 16 06 35
1000558 19 07 16 09 00
1000559 19 07 16 11 26
1000560 19 07 16 19 18
1000561 19 07 17 15 53
1000562 19 07 17 20 37
1000563 19 07 18 05 38
1000564 19 07 18 07 31
1000565 19 07 18 10 34
1000566 19 07 19 01 28
1000567 19 07 19 06 46
1000568 19 07 19 14 22
1000569 19 07 19 17 16
1000570 19 07 19 20 24
1000571 19 07 20 05 42
1000572 19 07 20 11 08
1000573 19 07 21 14 14
1000574 19 07 22 07 07
1000575 19 07 22 20 04
1000576 19 07 24 01 47
1000577 19 07 24 13 07
1000578 19 07 24 19 23
1000579 19 07 25 04 34
1000580 19 07 25 07 32
1000581 19 07 25 11 51
1000582 19 07 25 17 20
1000583 19 07 27 01 49
1000584 19 07 27 11 27
1000585 19 07 27 17 23
1000586 19 07 27 20 41
1000587 19 07 28 07 54
1000588 19 07 28 16 57
1000589 19 07 28 17 48
1000590 19 07 28 19 05
1000591 19 07 29 00 11
1000592 19 07 29 06 40
1000593 19 07 29 15 15
1000594 19 07 29 20 38
1000595 19 07 29 23 20
1000596 19 07 30 04 26
1000597 19 07 30 06 06
1000598 19 07 30 06 39
1000599 19 07 30 10 17
1000600 19 07 30 12 27
1000601 19 07 30 22 02
1000602 19 07 31 06 55
1000603 19 07 31 13 26
1000604 19 08 01 07 35
1000605 19 08 01 07 38
1000606 19 08 01 12 33
1000607 19 08 01 15 54
1000608 19 08 01 19 05
1000609 19 08 02 16 27
1000610 19 08 02 21 48
1000611 19 08 03 07 22
1000612 19 08 03 07 53
1000613 19 08 03 20 58
1000614 19 08 04 05 33
1000615 19 08 04 07 36
1000616 19 08 04 22 10
1000617 19 08 05 02 08
1000618 19 08 06 06 07
1000619 19 08 06 17 39
1000620 19 08 07 03 01
1000621 19 08 07 03 19
1000622 19 08 07 13 30
1000623 19 08 07 13 49
1000624 19 08 07 19 04
1000625 19 08 08 04 04
1000626 19 08 08 04 19
1000627 19 08 08 08 53
1000628 19 08 08 12 22
1000629 19 08 08 13 05
1000630 19 08 08 16 28
1000631 19 08 08 17 11
1000632 19 08 09 06 34
1000633 19 08 09 10 17
1000634 19 08 09 17 11
1000635 19 08 09 21 24
1000636 19 08 10 07 23
1000637 19 08 10 16 34
1000638 19 08 10 19 42
1000639 19 08 10 22 44
1000640 19 08 11 19 33
1000641 19 08 12 00 31
1000642 19 08 12 04 36
1000643 19 08 12 10 31
1000644 19 08 12 14 09
1000645 19 08 13 08 56
1000646 19 08 13 14 11
1000647 19 08 13 17 43
1000648 19 08 14 12 28
1000649 19 08 14 15 30
1000650 19 08 14 21 39
1000651 19 08 14 23 23
1000652 19 08 15 10 32
1000653 19 08 15 14 19
1000654 19 08 16 02 04
1000655 19 08 16 05 48
1000656 19 08 16 23 14
1000657 19 08 17 01 06
1000658 19 08 17 05 04
1000659 19 08 17 11 05
1000660 19 08 18 00 09
1000661 19 08 18 05 01
1000662 19 08 18 16 05
1000663 19 08 18 21 25
1000664 19 08 19 00 03
1000665 19 08 19 00 25
1000666 19 08 19 01 30
1000667 19 08 20 08 49
1000668 19 08 20 14 10
1000669 19 08 21 11 45
1000670 19 08 21 16 24
1000671 19 08 21 19 43
1000672 19 08 22 04 07
1000673 19 08 22 07 49
1000674 19 08 22 08 05
1000675 19 08 22 11 52
1000676 19 08 22 12 57
1000677 19 08 23 22 20
1000678 19 08 24 20 33
1000679 19 08 25 05 28
1000680 19 08 25 22 13
1000681 19 08 26 05 00
1000682 19 08 26 15 39
1000683 19 08 26 18 16
1000684 19 08 26 23 52
1000685 19 08 27 13 46
1000686 19 08 27 17 46
1000687 19 08 28 00 05
1000688 19 08 28 06 09
1000689 19 08 28 06 46
1000690 19 08 28 22 27
1000691 19 08 29 06 35
1000692 19 08 29 12 49
1000693 19 08 29 22 23
1000694 19 08 30 04 19
1000695 19 08 30 05 44
1000696 19 08 30 08 06
1000697 19 09 02 21 57
1000698 19 09 03 00 44
1000699 19 09 03 05 54
1000700 19 09 03 07 01
1000701 19 09 04 01 17
1000702 19 09 04 03 44
1000703 19 09 04 06 47
1000704 19 09 04 08 29
1000705 19 09 04 12 51
1000706 19 09 04 14 25
1000707 19 09 05 00 34
1000708 19 09 05 00 58
1000709 19 09 05 05 54
1000710 19 09 05 08 04
1000711 19 09 05 14 34
1000712 19 09 07 02 33
1000713 19 09 07 06 41
1000714 19 09 08 05 50
1000715 19 09 09 16 05
1000716 19 09 09 21 36
1000717 19 09 12 07 21
1000718 19 09 13 06 01
1000719 19 09 13 06 53
1000720 19 09 13 09 25
1000721 19 09 13 15 45
1000722 19 09 13 22 01
1000723 19 09 14 09 35
1000724 19 09 14 10 14
1000725 19 09 15 03 40
1000726 19 09 15 05 56
1000727 19 09 15 07 14
1000728 19 09 15 15 53
1000729 19 09 16 02 53
1000730 19 09 16 07 38
1000731 19 09 16 09 49
1000732 19 09 17 00 05
1000733 19 09 17 03 36
1000734 19 09 17 16 12
1000735 19 09 17 21 16
1000736 19 09 17 23 41
1000737 19 09 18 00 06
1000738 19 09 18 09 24
1000739 19 09 18 09 47
1000740 19 09 18 15 06
1000741 19 09 19 05 41
1000742 19 09 19 10 43
1000743 19 09 19 14 41
1000744 19 09 20 07 50
1000745 19 09 20 11 54
1000746 19 09 20 20 04
1000747 19 09 20 20 38
1000748 19 09 21 20 59
1000749 19 09 21 21 36
1000750 19 09 22 03 05
1000751 19 09 22 06 27
1000752 19 09 23 02 26
1000753 19 09 23 21 19
1000754 19 09 24 10 19
1000755 19 09 25 01 19
1000756 19 09 26 10 12
1000757 19 09 26 17 42
1000758 19 09 27 02 51
1000759 19 09 27 03 30
1000760 19 09 28 08 41
1000761 19 09 28 13 43
1000762 19 09 28 15 07
1000763 19 09 28 17 46
1000764 19 09 28 23 36
1000765 19 09 29 14 42
1000766 19 10 01 01 01
1000767 19 10 01 08 13
1000768 19 10 01 10 33
1000769 19 10 03 11 21
1000770 19 10 03 13 54
1000771 19 10 04 22 40
1000772 19 10 05 00 20
1000773 19 10 05 04 27
1000774 19 10 05 06 13
1000775 19 10 05 07 16
1000776 19 10 05 22 29
1000777 19 10 06 10 34
1000778 19 10 06 12 43
1000779 19 10 06 13 15
1000780 19 10 07 10 53
1000781 19 10 08 20 55
1000782 19 10 08 22 53
1000783 19 10 09 00 00
1000784 19 10 09 08 43
1000785 19 10 09 12 48
1000786 19 10 09 17 10
1000787 19 10 10 10 48
1000788 19 10 10 14 40
1000789 19 10 11 08 14
1000790 19 10 11 21 57
1000791 19 10 11 22 37
1000792 19 10 12 21 06
1000793 19 10 13 22 09
1000794 19 10 14 08 20
1000795 19 10 14 16 08
1000796 19 10 14 16 16
1000797 19 10 15 03 25
1000798 19 10 15 14 57
1000799 19 10 15 16 54
1000800 19 10 15 18 48
1000801 19 10 15 23 45
1000802 19 10 17 04 06
1000803 19 10 17 14 09
1000804 19 10 17 14 56
1000805 19 10 17 16 12
1000806 19 10 17 20 30
1000807 19 10 18 02 48
1000808 19 10 18 06 01
1000809 19 10 18 22 22
1000810 19 10 19 16 21
1000811 19 10 20 00 30
1000812 19 10 20 00 40
1000813 19 10 20 14 42
1000814 19 10 20 16 10
1000815 19 10 20 18 38
1000816 19 10 20 21 39
1000817 19 10 21 08 18
1000818 19 10 23 05 55
1000819 19 10 23 07 35
1000820 19 10 24 18 19
1000821 19 10 25 08 10
1000822 19 10 25 20 51
1000823 19 10 26 10 18
1000824 19 10 27 00 46
1000825 19 10 27 06 01
1000826 19 10 27 08 28
1000827 19 10 27 14 25
1000828 19 10 27 22 12
1000829 19 10 27 22 37
1000830 19 10 28 00 01
1000831 19 10 28 02 19
1000832 19 10 28 08 04
1000833 19 10 29 10 56
1000834 19 10 29 14 44
1000835 19 10 29 18 53
1000836 19 10 29 20 50
1000837 19 10 30 20 23
1000838 19 10 30 21 57
1000839 19 10 31 04 23
1000840 19 10 31 07 02
1000841 19 10 31 18 50
1000842 19 10 31 23 02
1000843 19 11 01 02 38
1000844 19 11 02 03 14
1000845 19 11 02 06 43
1000846 19 11 02 23 20
1000847 19 11 03 02 17
1000848 19 11 03 17 50
1000849 19 11 04 12 57
1000850 19 11 05 15 22
1000851 19 11 06 04 18
1000852 19 11 06 13 39
1000853 19 11 06 15 27
1000854 19 11 06 21 35
1000855 19 11 07 01 28
1000856 19 11 07 04 18
1000857 19 11 07 16 15
1000858 19 11 07 17 29
1000859 19 11 08 18 18
1000860 19 11 09 00 15
1000861 19 11 09 01 19
1000862 19 11 09 07 37
1000863 19 11 09 23 33
1000864 19 11 10 04 58
1000865 19 11 11 06 21
1000866 19 11 11 12 39
1000867 19 11 11 16 18
1000868 19 11 11 23 52
1000869 19 11 12 00 13
1000870 19 11 12 05 43
1000871 19 11 12 06 13
1000872 19 11 12 21 22
1000873 19 11 13 00 50
1000874 19 11 13 05 42
1000875 19 11 13 09 58
1000876 19 11 13 11 46
1000877 19 11 14 04 28
1000878 19 11 14 07 51
1000879 19 11 14 09 18
1000880 19 11 14 20 27
1000881 19 11 15 02 32
1000882 19 11 15 16 52
1000883 19 11 16 01 01
1000884 19 11 16 16 39
1000885 19 11 16 22 27
1000886 19 11 17 08 17
1000887 19 11 18 03 07
1000888 19 11 18 14 56
1000889 19 11 20 03 17
1000890 19 11 20 12 04
1000891 19 11 20 15 38
1000892 19 11 20 20 19
1000893 19 11 21 14 04
1000894 19 11 21 18 00
1000895 19 11 22 05 14
1000896 19 11 22 11 14
1000897 19 11 22 19 00
1000898 19 11 23 06 44
1000899 19 11 23 09 07
1000900 19 11 23 14 21
1000901 19 11 23 16 24
1000902 19 11 23 21 12
1000903 19 11 24 03 04
1000904 19 11 24 04 11
1000905 19 11 25 01 06
1000906 19 11 25 01 44
1000907 19 11 25 09 11
1000908 19 11 25 09 39
1000909 19 11 27 09 55
1000910 19 11 27 14 07
1000911 19 11 27 14 39
1000912 19 11 27 15 24
1000913 19 11 28 08 38
1000914 19 11 28 16 41
1000915 19 11 28 18 43
1000916 19 11 28 22 23
1000917 19 11 29 07 15
1000918 19 11 29 20 29
1000919 19 11 30 07 08
1000920 19 11 30 08 55
1000921 19 11 30 11 00
1000922 19 11 30 15 48
1000923 19 12 01 01 20
1000924 19 12 01 02 55
1000925 19 12 01 16 48
1000926 19 12 02 09 27
1000927 19 12 04 02 06
1000928 19 12 04 03 17
1000929 19 12 04 05 38
1000930 19 12 04 08 36
1000931 19 12 04 12 00
1000932 19 12 05 02 16
1000933 19 12 05 05 10
1000934 19 12 06 01 23
1000935 19 12 06 15 44
1000936 19 12 06 23 46
1000937 19 12 07 14 47
1000938 19 12 07 22 02
1000939 19 12 07 23 54
1000940 19 12 08 04 15
1000941 19 12 08 06 20
1000942 19 12 09 10 40
1000943 19 12 09 13 46
1000944 19 12 09 15 51
1000945 19 12 10 02 55
1000946 19 12 10 11 08
1000947 19 12 11 00 19
1000948 19 12 11 04 44
1000949 19 12 11 18 28
1000950 19 12 12 03 04
1000951 19 12 12 05 51
1000952 19 12 12 06 24
1000953 19 12 12 06 46
1000954 19 12 13 08 23
1000955 19 12 13 09 30
1000956 19 12 13 17 32
1000957 19 12 13 17 55
1000958 19 12 13 21 07
1000959 19 12 15 05 26
1000960 19 12 15 06 29
1000961 19 12 15 15 54
1000962 19 12 16 12 59
1000963 19 12 16 14 08
1000964 19 12 16 14 17
1000965 19 12 17 00 11
1000966 19 12 17 06 37
1000967 19 12 17 10 00
1000968 19 12 18 01 06
1000969 19 12 18 06 43
1000970 19 12 18 07 50
1000971 19 12 18 15 35
1000972 19 12 18 18 58
1000973 19 12 19 19 47
1000974 19 12 20 12 06
1000975 19 12 20 13 45
1000976 19 12 20 18 37
1000977 19 12 20 21 58
1000978 19 12 21 08 57
1000979 19 12 21 15 03
1000980 19 12 22 00 01
1000981 19 12 22 11 52
1000982 19 12 22 22 27
1000983 19 12 24 06 01
1000984 19 12 25 23 52
1000985 19 12 26 17 35
1000986 19 12 26 19 31
1000987 19 12 27 06 10
1000988 19 12 27 06 50
1000989 19 12 27 11 05
1000990 19 12 27 16 12
1000991 19 12 27 17 13
1000992 19 12 28 01 32
1000993 19 12 29 04 40
1000994 19 12 29 11 08
1000995 19 12 29 16 36
1000996 19 12 29 18 42
1000997 19 12 30 16 46
1000998 19 12 30 17 13
1000999 19 12 31 04 45
1001000 19 12 31 19 44
