19 09 21 22 11 3000001 19 10 29 19 12 09
19 06 23 02 19 3000002 19 07 07 19 07 24
19 05 22 18 02 3000003 19 06 23 19 08 13
19 01 18 18 55 3000004 19 02 26 19 03 07
19 01 18 01 06 3000005 19 02 19 19 04 19
19 10 03 11 14 3000006 19 11 12 19 12 20
19 07 27 06 18 3000007 19 08 27 19 10 07
19 08 30 16 21 3000008 19 09 23 19 10 06
19 03 08 19 53 3000009 19 04 10 19 05 15
19 10 24 22 22 3000010 19 11 27 20 01 10
19 04 13 08 16 3000011 19 04 15 19 05 11
19 10 08 07 01 3000012 19 10 19 19 11 21
19 02 15 21 38 3000013 19 03 19 19 03 29
19 06 23 19 10 3000014 19 07 13 19 07 28
19 06 25 21 34 3000015 19 07 02 19 08 15
19 01 08 18 17 3000016 19 01 19 19 01 22
19 05 08 10 46 3000017 19 07 04 19 07 13
19 03 20 19 21 3000018 19 04 21 19 05 30
19 07 01 16 16 3000019 19 08 12 19 09 26
19 12 22 21 41 3000020 20 01 10 20 02 21
19 07 05 23 25 3000021 19 08 14 19 10 10
19 11 27 13 03 3000022 19 12 21 19 12 30
19 11 06 07 10 3000023 19 11 14 19 12 26
19 10 16 16 14 3000024 19 10 17 19 10 24
19 04 13 11 08 3000025 19 05 17 19 07 08
19 05 14 16 46 3000026 19 06 26 19 06 30
19 09 13 23 04 3000027 19 11 09 19 11 26
19 09 14 22 07 3000028 19 10 11 19 11 16
19 03 31 12 25 3000029 19 04 01 19 04 19
19 07 20 13 44 3000030 19 09 07 19 10 03
19 03 19 07 43 3000031 19 05 16 19 06 24
19 07 20 09 00 3000032 19 07 22 19 07 31
19 02 16 23 48 3000033 19 03 02 19 03 29
19 10 21 22 22 3000034 19 11 18 20 01 02
19 03 28 16 03 3000035 19 05 02 19 06 27
19 07 16 09 45 3000036 19 07 26 19 09 12
19 10 28 07 07 3000037 19 11 15 19 11 18
19 03 27 06 07 3000038 19 04 12 19 05 19
19 02 20 20 54 3000039 19 04 07 19 04 18
19 07 19 18 04 3000040 19 08 31 19 09 24
19 07 25 00 58 3000041 19 08 25 19 09 23
19 01 19 18 34 3000042 19 03 21 19 04 06
19 10 30 10 55 3000043 19 11 12 20 01 09
19 08 28 14 01 3000044 19 09 25 19 11 20
19 11 29 20 24 3000045 20 01 28 20 03 07
19 04 11 23 39 3000046 19 04 14 19 04 19
19 07 27 01 28 3000047 19 08 03 19 09 18
19 01 10 19 03 3000048 19 02 24 19 04 25
19 06 23 09 10 3000049 19 08 12 19 10 03
19 05 25 14 51 3000050 19 06 10 19 08 11
19 06 17 03 54 3000051 19 08 12 19 09 14
19 11 10 02 16 3000052 19 12 06 20 01 28
19 03 29 05 22 3000053 19 04 01 19 04 19
19 10 29 04 37 3000054 19 12 27 20 02 21
19 07 05 14 01 3000055 19 07 12 19 07 13
19 12 15 03 29 3000056 19 12 20 20 02 08
19 08 05 21 28 3000057 19 08 29 19 10 12
19 01 21 11 02 3000058 19 02 22 19 03 22
19 02 11 05 16 3000059 19 03 18 19 04 17
19 11 19 04 39 3000060 19 12 15 20 02 07
19 02 07 05 06 3000061 19 02 25 19 03 29
19 03 01 08 25 3000062 19 04 28 19 05 09
19 02 17 23 42 3000063 19 03 21 19 04 14
19 02 27 18 11 3000064 19 04 14 19 04 24
19 06 13 22 53 3000065 19 06 27 19 08 26
19 05 17 13 35 3000066 19 06 19 19 06 20
19 10 21 14 12 3000067 19 10 30 19 12 27
19 08 04 17 57 3000068 19 09 04 19 10 02
19 06 08 00 50 3000069 19 06 14 19 07 18
19 12 02 10 55 3000070 20 01 01 20 01 07
19 08 19 20 25 3000071 19 09 03 19 10 26
19 09 16 01 29 3000072 19 10 09 19 11 30
19 03 05 13 51 3000073 19 04 03 19 04 08
19 03 03 05 25 3000074 19 04 01 19 05 28
19 12 08 12 28 3000075 20 01 24 20 03 09
19 03 10 08 23 3000076 19 03 14 19 04 21
19 10 03 04 05 3000077 19 11 03 19 12 19
19 05 17 07 33 3000078 19 07 01 19 08 31
19 10 05 17 35 3000079 19 10 08 19 10 29
19 09 11 12 31 3000080 19 10 26 19 10 30
19 07 13 23 35 3000081 19 07 14 19 07 20
19 03 12 14 54 3000082 19 04 01 19 05 07
19 02 15 15 32 3000083 19 03 25 19 05 01
19 03 04 13 07 3000084 19 03 22 19 04 26
19 01 02 15 12 3000085 19 01 04 19 01 18
19 12 28 09 22 3000086 20 02 21 20 03 04
19 02 20 05 38 3000087 19 03 29 19 04 13
19 11 29 13 57 3000088 19 12 07 19 12 21
19 04 26 04 42 3000089 19 06 14 19 07 02
19 07 04 10 28 3000090 19 07 23 19 09 13
19 09 16 18 18 3000091 19 10 24 19 11 25
19 11 05 19 17 3000092 19 11 24 19 12 26
19 10 29 16 46 3000093 19 12 13 20 01 22
19 05 01 07 50 3000094 19 06 27 19 08 15
19 05 26 14 45 3000095 19 06 12 19 07 16
19 01 23 09 45 3000096 19 03 01 19 03 25
19 02 05 20 56 3000097 19 03 15 19 05 06
19 06 25 19 15 3000098 19 07 18 19 08 07
19 08 27 11 35 3000099 19 09 05 19 09 27
19 03 19 16 01 3000100 19 03 29 19 04 04
19 06 14 06 38 3000101 19 08 14 19 09 19
19 11 23 13 34 3000102 20 01 02 20 02 02
19 11 27 10 59 3000103 19 12 19 19 12 28
19 12 31 23 43 3000104 20 01 18 20 03 20
19 05 04 18 09 3000105 19 06 07 19 06 20
19 09 16 02 49 3000106 19 09 23 19 10 27
19 07 13 16 55 3000107 19 09 06 19 10 10
19 04 24 23 59 3000108 19 05 19 19 07 20
19 03 29 08 54 3000109 19 04 09 19 04 15
19 12 09 20 17 3000110 20 02 05 20 03 21
19 07 09 23 08 3000111 19 07 28 19 09 03
19 07 27 22 40 3000112 19 09 02 19 10 18
19 01 18 23 00 3000113 19 03 21 19 04 21
19 01 17 19 31 3000114 19 01 26 19 02 26
19 09 30 00 34 3000115 19 11 24 19 12 03
19 04 02 16 10 3000116 19 05 02 19 07 02
19 06 25 12 56 3000117 19 07 23 19 09 20
19 05 03 16 01 3000118 19 06 30 19 08 01
19 03 04 20 59 3000119 19 04 19 19 05 14
19 02 25 21 21 3000120 19 04 06 19 05 12
19 12 23 14 25 3000121 20 02 20 20 03 04
19 07 24 10 27 3000122 19 08 07 19 08 21
19 01 30 08 24 3000123 19 02 08 19 02 19
19 05 05 03 02 3000124 19 05 24 19 06 25
19 12 01 11 24 3000125 19 12 10 20 02 05
19 12 14 21 14 3000126 20 01 17 20 01 19
19 03 15 17 51 3000127 19 04 01 19 05 02
19 08 19 17 02 3000128 19 10 15 19 11 02
19 11 01 22 07 3000129 19 11 18 19 12 12
19 05 30 11 48 3000130 19 07 12 19 08 15
19 05 18 21 43 3000131 19 07 02 19 07 08
19 10 10 21 45 3000132 19 10 20 19 11 09
19 07 16 10 12 3000133 19 08 29 19 09 09
19 03 21 22 38 3000134 19 04 10 19 05 15
19 01 31 21 59 3000135 19 02 28 19 04 30
19 05 31 05 15 3000136 19 07 29 19 09 22
19 09 24 09 10 3000137 19 10 27 19 12 21
19 03 14 19 01 3000138 19 04 02 19 04 22
19 06 08 20 38 3000139 19 07 05 19 08 26
19 06 12 08 01 3000140 19 08 09 19 09 23
19 11 25 01 07 3000141 19 12 07 20 01 16
19 08 31 15 49 3000142 19 10 29 19 12 26
19 06 04 04 18 3000143 19 06 16 19 07 25
19 04 22 21 19 3000144 19 05 02 19 05 21
19 05 10 03 51 3000145 19 06 22 19 08 18
19 04 09 08 49 3000146 19 05 19 19 05 21
19 04 11 18 13 3000147 19 06 06 19 06 11
19 04 28 18 37 3000148 19 05 18 19 05 19
19 08 31 17 38 3000149 19 10 06 19 12 03
19 07 21 13 13 3000150 19 09 16 19 10 24
19 11 14 08 44 3000151 19 12 11 20 01 31
19 07 01 01 17 3000152 19 07 06 19 08 05
19 10 13 03 30 3000153 19 11 09 19 12 06
19 08 28 21 12 3000154 19 10 16 19 10 23
19 03 19 02 29 3000155 19 03 20 19 03 25
19 02 27 15 53 3000156 19 04 02 19 05 23
19 01 10 14 23 3000157 19 03 03 19 03 29
19 05 18 10 49 3000158 19 06 25 19 07 06
19 04 30 16 57 3000159 19 05 24 19 06 02
19 07 14 00 02 3000160 19 08 03 19 09 03
19 12 06 07 19 3000161 20 01 16 20 01 19
19 09 30 02 00 3000162 19 10 25 19 11 09
19 08 04 18 46 3000163 19 09 18 19 11 16
19 04 22 07 53 3000164 19 04 25 19 05 02
19 11 29 23 24 3000165 20 01 09 20 02 17
19 12 08 18 31 3000166 19 12 28 20 01 12
19 11 02 14 31 3000167 19 11 29 20 01 16
19 12 13 02 14 3000168 19 12 31 20 01 03
19 10 21 17 16 3000169 19 12 13 20 01 07
19 11 07 05 34 3000170 19 12 30 20 02 02
19 07 20 14 40 3000171 19 08 23 19 08 29
19 08 08 13 08 3000172 19 10 06 19 11 13
19 09 12 20 25 3000173 19 10 02 19 10 25
19 08 05 10 36 3000174 19 08 24 19 10 22
19 02 26 16 50 3000175 19 03 10 19 04 27
19 12 04 01 48 3000176 20 01 14 20 03 06
19 05 03 17 25 3000177 19 06 30 19 08 05
19 09 23 03 50 3000178 19 11 12 19 11 13
19 10 28 13 23 3000179 19 12 22 20 01 11
19 08 19 13 42 3000180 19 09 03 19 09 21
19 06 16 15 53 3000181 19 07 08 19 08 11
19 03 29 12 36 3000182 19 04 09 19 06 02
19 07 09 02 21 3000183 19 08 27 19 09 14
19 09 03 23 05 3000184 19 10 30 19 11 25
19 03 07 02 15 3000185 19 03 08 19 05 09
19 05 27 23 07 3000186 19 07 03 19 08 26
19 05 20 05 47 3000187 19 07 18 19 09 16
19 02 15 16 24 3000188 19 03 11 19 05 08
19 01 06 00 27 3000189 19 01 14 19 02 13
19 03 19 00 00 3000190 19 04 09 19 06 09
19 12 18 08 23 3000191 20 02 12 20 02 16
19 09 08 20 04 3000192 19 09 16 19 10 10
19 04 22 17 22 3000193 19 05 05 19 05 12
19 10 22 03 46 3000194 19 12 18 20 01 16
19 05 04 20 50 3000195 19 06 09 19 06 13
19 09 20 06 36 3000196 19 10 25 19 10 27
19 05 18 03 55 3000197 19 06 01 19 07 21
19 06 22 10 48 3000198 19 07 18 19 08 16
19 07 15 06 23 3000199 19 07 23 19 08 18
19 01 24 11 41 3000200 19 02 12 19 03 10
19 06 28 14 46 3000201 19 06 29 19 08 25
19 03 29 20 11 3000202 19 04 05 19 06 01
19 05 04 11 46 3000203 19 06 29 19 07 29
19 07 10 14 58 3000204 19 09 01 19 09 02
19 11 13 00 24 3000205 19 12 22 20 01 03
19 08 20 06 42 3000206 19 09 28 19 10 06
19 07 14 12 54 3000207 19 08 16 19 08 18
19 12 20 00 18 3000208 20 01 14 20 02 26
19 10 21 19 37 3000209 19 12 14 20 01 27
19 07 30 19 45 3000210 19 09 11 19 11 05
19 09 26 21 59 3000211 19 11 08 19 12 25
19 01 21 02 04 3000212 19 01 26 19 03 11
19 12 16 18 43 3000213 20 02 07 20 03 12
19 02 07 09 53 3000214 19 02 14 19 02 22
19 05 19 22 32 3000215 19 06 19 19 06 24
19 06 06 11 06 3000216 19 07 09 19 07 27
19 08 24 10 14 3000217 19 10 04 19 11 22
19 05 13 07 45 3000218 19 06 28 19 07 29
19 10 15 11 55 3000219 19 10 22 19 11 26
19 10 13 12 20 3000220 19 11 26 19 12 30
19 10 27 22 02 3000221 19 11 11 19 12 02
19 01 20 21 01 3000222 19 02 06 19 03 06
19 11 14 06 04 3000223 19 11 29 19 12 09
19 01 30 16 26 3000224 19 03 30 19 04 17
19 10 19 07 33 3000225 19 11 11 19 11 24
19 02 22 07 35 3000226 19 03 11 19 03 19
19 07 04 05 11 3000227 19 07 17 19 07 29
19 06 03 04 19 3000228 19 06 10 19 06 20
19 04 14 03 59 3000229 19 05 10 19 06 07
19 05 24 03 26 3000230 19 05 25 19 05 26
19 04 15 08 57 3000231 19 05 13 19 06 02
19 02 27 16 36 3000232 19 04 01 19 04 28
19 10 16 10 08 3000233 19 11 25 19 12 30
19 12 26 02 06 3000234 20 02 15 20 02 19
19 04 16 06 30 3000235 19 05 20 19 06 18
19 11 13 03 30 3000236 19 12 10 20 01 01
19 03 16 07 21 3000237 19 03 23 19 04 03
19 09 12 10 06 3000238 19 11 03 19 12 10
19 01 22 16 38 3000239 19 02 12 19 03 18
19 04 02 09 15 3000240 19 05 18 19 06 11
19 09 17 02 34 3000241 19 11 15 20 01 01
19 09 30 18 48 3000242 19 11 25 19 12 15
19 06 07 13 10 3000243 19 07 08 19 08 27
19 10 01 18 01 3000244 19 10 03 19 10 20
19 03 02 13 24 3000245 19 04 08 19 04 15
19 01 09 10 59 3000246 19 01 28 19 02 11
19 06 22 10 00 3000247 19 08 14 19 10 03
19 09 23 15 32 3000248 19 10 05 19 10 30
19 11 17 12 36 3000249 19 11 25 19 12 13
19 05 28 01 51 3000250 19 06 11 19 08 10
19 12 19 01 24 3000251 20 01 30 20 02 24
19 07 08 21 18 3000252 19 08 02 19 08 22
19 10 18 01 50 3000253 19 11 24 19 12 11
19 09 30 21 41 3000254 19 10 03 19 10 14
19 04 30 00 00 3000255 19 05 18 19 05 23
19 11 09 02 58 3000256 20 01 09 20 03 02
19 03 02 07 24 3000257 19 04 12 19 05 10
19 03 28 10 16 3000258 19 05 05 19 06 18
19 01 23 16 31 3000259 19 02 17 19 04 02
19 09 14 05 27 3000260 19 11 15 19 12 11
19 04 02 15 54 3000261 19 05 17 19 06 10
19 07 07 17 12 3000262 19 08 11 19 09 09
19 03 04 01 50 3000263 19 04 10 19 05 21
19 04 24 15 38 3000264 19 05 03 19 05 13
19 06 25 05 39 3000265 19 07 13 19 09 01
19 07 08 15 28 3000266 19 07 20 19 09 20
19 02 28 19 08 3000267 19 04 21 19 06 15
19 01 06 03 44 3000268 19 02 16 19 03 18
19 12 06 17 53 3000269 19 12 15 20 02 09
19 05 01 14 05 3000270 19 05 13 19 05 19
19 06 14 16 19 3000271 19 08 06 19 08 29
19 09 12 19 59 3000272 19 11 03 19 12 26
19 09 17 20 10 3000273 19 11 17 19 12 02
19 01 15 10 57 3000274 19 01 31 19 03 18
19 08 03 08 11 3000275 19 09 21 19 09 23
19 09 13 13 09 3000276 19 10 20 19 11 07
19 08 31 21 55 3000277 19 09 02 19 10 15
19 03 19 15 18 3000278 19 04 16 19 06 10
19 01 31 03 33 3000279 19 03 19 19 04 16
19 11 29 17 30 3000280 19 12 08 19 12 13
19 10 08 10 15 3000281 19 11 08 19 11 20
19 07 10 20 38 3000282 19 09 07 19 10 26
19 10 26 11 16 3000283 19 12 02 19 12 10
19 01 04 00 24 3000284 19 02 26 19 04 27
19 06 01 14 56 3000285 19 06 05 19 06 20
19 02 05 15 35 3000286 19 02 19 19 04 19
19 07 03 04 55 3000287 19 08 20 19 08 31
19 01 13 16 39 3000288 19 03 04 19 04 20
19 01 14 17 57 3000289 19 03 17 19 05 08
19 06 29 16 00 3000290 19 08 21 19 09 21
19 11 06 07 35 3000291 20 01 03 20 02 03
19 09 12 00 11 3000292 19 09 25 19 10 22
19 08 22 15 21 3000293 19 10 01 19 11 13
19 10 28 23 04 3000294 19 11 17 19 12 20
19 12 13 10 09 3000295 19 12 30 20 02 03
19 03 31 16 51 3000296 19 05 25 19 07 07
19 07 06 13 42 3000297 19 07 20 19 08 21
19 04 24 20 00 3000298 19 05 05 19 06 04
19 05 28 18 54 3000299 19 07 03 19 08 09
19 09 08 05 17 3000300 19 10 26 19 11 05
19 10 18 18 39 3000301 19 12 04 19 12 28
19 06 25 03 01 3000302 19 07 25 19 07 28
19 03 02 15 08 3000303 19 05 02 19 05 07
19 12 20 05 24 3000304 20 01 04 20 01 30
19 01 18 18 38 3000305 19 03 17 19 04 30
19 09 02 03 04 3000306 19 09 04 19 10 12
19 05 15 10 55 3000307 19 05 18 19 07 02
19 05 15 11 44 3000308 19 05 19 19 06 14
19 03 25 22 17 3000309 19 05 15 19 07 01
19 12 22 06 38 3000310 20 02 12 20 03 06
19 06 03 23 39 3000311 19 08 01 19 08 24
19 10 23 05 13 3000312 19 11 24 19 12 08
19 01 17 07 14 3000313 19 02 08 19 02 27
19 11 29 10 40 3000314 19 12 27 20 02 25
19 07 08 13 56 3000315 19 07 22 19 08 04
19 04 12 02 51 3000316 19 05 30 19 06 28
19 12 10 09 53 3000317 19 12 24 20 01 31
19 10 29 15 40 3000318 19 12 23 20 01 31
19 10 08 19 52 3000319 19 11 25 20 01 24
19 02 09 05 06 3000320 19 03 01 19 03 13
19 07 18 03 59 3000321 19 09 04 19 10 23
19 08 04 15 33 3000322 19 10 02 19 11 23
19 05 04 20 24 3000323 19 06 02 19 07 27
19 04 26 08 39 3000324 19 05 05 19 06 07
19 06 23 11 06 3000325 19 07 28 19 09 17
19 02 16 16 23 3000326 19 04 14 19 04 29
19 09 29 15 34 3000327 19 10 21 19 11 03
19 05 09 23 51 3000328 19 06 26 19 08 04
19 01 29 09 27 3000329 19 03 30 19 04 12
19 10 25 01 21 3000330 19 11 17 20 01 05
19 07 16 00 15 3000331 19 09 06 19 10 21
19 06 20 19 35 3000332 19 07 08 19 07 21
19 01 31 03 44 3000333 19 02 09 19 03 17
19 06 14 09 16 3000334 19 08 14 19 10 04
19 04 23 07 41 3000335 19 05 25 19 07 14
19 11 10 07 26 3000336 20 01 10 20 03 09
19 06 17 09 00 3000337 19 06 24 19 07 24
19 06 05 02 59 3000338 19 07 19 19 08 12
19 10 01 00 18 3000339 19 11 17 19 12 15
19 12 25 03 51 3000340 20 02 17 20 04 13
19 08 30 01 42 3000341 19 10 23 19 12 12
19 03 22 02 52 3000342 19 04 18 19 06 13
19 01 16 07 55 3000343 19 03 17 19 05 06
19 02 12 07 38 3000344 19 04 02 19 05 06
19 12 19 06 38 3000345 20 01 28 20 03 12
19 03 10 19 19 3000346 19 04 23 19 06 14
19 06 18 20 53 3000347 19 08 08 19 09 18
19 08 17 15 42 3000348 19 10 10 19 11 28
19 01 17 22 03 3000349 19 03 03 19 03 04
19 11 19 09 04 3000350 19 12 24 20 02 18
19 08 15 22 39 3000351 19 10 14 19 11 12
19 02 13 03 40 3000352 19 02 16 19 02 24
19 12 04 04 07 3000353 20 01 20 20 03 09
19 09 20 20 47 3000354 19 10 27 19 11 12
19 10 28 04 04 3000355 19 12 29 20 02 21
19 05 05 18 48 3000356 19 07 03 19 07 24
19 08 04 11 49 3000357 19 09 01 19 09 17
19 01 12 12 43 3000358 19 03 06 19 04 07
19 10 17 08 56 3000359 19 10 22 19 11 05
19 05 31 10 35 3000360 19 06 01 19 06 28
19 12 19 11 52 3000361 20 01 13 20 03 09
19 03 28 15 53 3000362 19 04 28 19 06 28
19 01 10 20 52 3000363 19 01 24 19 03 27
19 07 17 18 27 3000364 19 09 03 19 09 06
19 07 20 12 24 3000365 19 09 06 19 11 06
19 11 16 06 30 3000366 20 01 06 20 01 11
19 05 30 08 38 3000367 19 06 30 19 08 31
19 03 09 23 57 3000368 19 03 15 19 04 30
19 02 01 15 13 3000369 19 02 16 19 03 22
19 12 14 20 35 3000370 20 02 05 20 02 16
19 03 22 17 10 3000371 19 03 24 19 05 22
19 01 20 11 53 3000372 19 02 28 19 04 25
19 02 11 21 26 3000373 19 03 17 19 04 09
19 02 24 15 24 3000374 19 03 21 19 04 27
19 03 16 13 07 3000375 19 04 10 19 05 02
19 07 04 15 42 3000376 19 08 14 19 09 07
19 10 08 12 31 3000377 19 11 23 19 12 29
19 09 15 00 35 3000378 19 10 16 19 10 19
19 02 21 00 05 3000379 19 03 30 19 05 18
19 08 28 15 48 3000380 19 09 25 19 10 12
19 06 24 14 52 3000381 19 07 03 19 08 13
19 04 29 05 17 3000382 19 05 17 19 05 31
19 05 20 02 58 3000383 19 06 12 19 07 19
19 02 05 21 30 3000384 19 03 08 19 03 17
19 06 07 20 57 3000385 19 07 24 19 09 02
19 07 11 07 58 3000386 19 09 01 19 09 20
19 12 30 18 36 3000387 20 02 12 20 02 29
19 06 28 02 00 3000388 19 07 04 19 07 14
19 07 14 19 18 3000389 19 09 11 19 10 26
19 08 14 18 42 3000390 19 08 16 19 09 30
19 12 17 08 32 3000391 20 01 23 20 03 05
19 04 17 23 58 3000392 19 04 25 19 05 15
19 07 14 11 50 3000393 19 07 19 19 07 28
19 10 15 03 02 3000394 19 10 20 19 10 23
19 12 25 09 48 3000395 20 01 09 20 01 17
19 08 03 00 12 3000396 19 09 09 19 10 02
19 11 06 16 17 3000397 19 12 25 20 02 02
19 02 20 11 57 3000398 19 04 22 19 05 25
19 05 11 19 12 3000399 19 05 27 19 07 12
19 10 31 15 49 3000400 19 12 17 19 12 30
19 04 20 03 35 3000401 19 05 10 19 06 03
19 03 03 10 27 3000402 19 05 01 19 06 14
19 06 08 11 39 3000403 19 07 09 19 07 26
19 12 27 20 56 3000404 20 02 15 20 04 12
19 01 09 07 49 3000405 19 01 22 19 03 04
19 10 24 19 49 3000406 19 11 07 19 12 18
19 10 03 10 51 3000407 19 11 30 20 01 24
19 07 18 09 36 3000408 19 08 31 19 09 01
19 01 22 11 30 3000409 19 03 12 19 03 27
19 07 17 13 10 3000410 19 08 30 19 10 02
19 06 05 07 40 3000411 19 07 13 19 07 21
19 07 28 11 39 3000412 19 09 10 19 11 10
19 04 29 18 06 3000413 19 06 12 19 07 06
19 07 21 22 16 3000414 19 08 18 19 09 27
19 11 02 20 37 3000415 19 11 09 19 12 18
19 10 12 04 09 3000416 19 11 13 19 11 18
19 06 26 09 09 3000417 19 07 24 19 08 28
19 09 21 08 42 3000418 19 11 13 19 12 29
19 04 23 10 25 3000419 19 05 07 19 07 08
19 09 19 06 52 3000420 19 09 29 19 11 27
19 05 09 02 40 3000421 19 06 10 19 06 19
19 03 04 15 55 3000422 19 03 18 19 03 29
19 04 20 19 25 3000423 19 04 28 19 06 23
19 12 04 10 34 3000424 20 01 24 20 02 01
19 05 09 11 12 3000425 19 05 21 19 05 28
19 05 07 05 56 3000426 19 06 14 19 06 22
19 05 16 18 25 3000427 19 06 03 19 06 20
19 02 11 08 46 3000428 19 03 11 19 04 28
19 06 02 23 39 3000429 19 06 22 19 07 20
19 04 26 21 11 3000430 19 05 21 19 06 09
19 12 09 09 17 3000431 20 01 26 20 03 14
19 06 02 09 01 3000432 19 06 27 19 07 14
19 10 09 22 54 3000433 19 10 29 19 11 23
19 08 09 19 54 3000434 19 08 11 19 09 12
19 02 20 23 59 3000435 19 04 01 19 04 11
19 10 30 05 22 3000436 19 11 09 20 01 01
19 11 06 10 27 3000437 19 11 16 19 12 07
19 04 10 15 29 3000438 19 04 12 19 06 06
19 05 01 03 17 3000439 19 06 07 19 08 07
19 01 13 04 59 3000440 19 02 08 19 03 22
19 06 16 23 21 3000441 19 06 29 19 07 19
19 01 05 13 14 3000442 19 03 08 19 03 12
19 02 08 00 18 3000443 19 02 17 19 02 24
19 01 25 06 54 3000444 19 03 08 19 04 05
19 01 15 06 19 3000445 19 03 12 19 05 09
19 09 27 02 13 3000446 19 10 20 19 10 23
19 03 05 16 01 3000447 19 04 07 19 04 16
19 10 07 09 48 3000448 19 11 24 19 12 18
19 11 23 12 31 3000449 19 11 28 20 01 20
19 02 17 14 22 3000450 19 03 07 19 04 04
19 06 26 16 35 3000451 19 08 04 19 09 16
19 05 09 17 31 3000452 19 06 22 19 07 05
19 07 23 14 05 3000453 19 08 19 19 09 12
19 01 05 14 40 3000454 19 02 18 19 03 18
19 08 22 23 14 3000455 19 08 31 19 10 26
19 06 30 18 36 3000456 19 07 16 19 09 16
19 05 27 18 17 3000457 19 06 26 19 07 06
19 10 30 17 09 3000458 19 12 29 20 02 08
19 02 25 22 08 3000459 19 03 20 19 04 03
19 03 21 15 13 3000460 19 04 18 19 04 27
19 09 21 00 20 3000461 19 10 21 19 11 14
19 07 13 13 51 3000462 19 09 12 19 10 30
19 11 10 15 40 3000463 20 01 09 20 01 20
19 06 14 03 04 3000464 19 07 20 19 08 03
19 03 26 10 18 3000465 19 04 27 19 05 17
19 11 06 15 33 3000466 20 01 03 20 02 05
19 06 01 16 45 3000467 19 07 28 19 08 28
19 08 12 06 25 3000468 19 08 22 19 09 03
19 11 28 15 15 3000469 19 12 12 20 02 06
19 11 07 06 07 3000470 19 12 27 19 12 28
19 12 24 14 36 3000471 20 01 26 20 03 14
19 01 12 06 19 3000472 19 03 03 19 03 26
19 01 26 00 37 3000473 19 01 30 19 02 03
19 07 13 22 16 3000474 19 09 07 19 10 16
19 04 09 09 36 3000475 19 04 12 19 04 19
19 01 05 11 50 3000476 19 01 16 19 03 17
19 11 18 12 58 3000477 19 12 23 20 02 20
19 01 27 07 20 3000478 19 02 09 19 03 24
19 05 20 15 26 3000479 19 06 22 19 07 27
19 01 19 16 28 3000480 19 02 18 19 03 22
19 10 22 22 21 3000481 19 12 10 20 01 25
19 02 06 12 12 3000482 19 03 25 19 05 08
19 10 01 06 25 3000483 19 10 12 19 11 21
19 01 06 05 12 3000484 19 02 16 19 03 27
19 02 13 22 42 3000485 19 03 11 19 04 10
19 09 09 01 39 3000486 19 10 17 19 11 18
19 08 07 03 12 3000487 19 08 10 19 09 14
19 02 23 18 44 3000488 19 03 29 19 05 09
19 04 04 09 05 3000489 19 04 12 19 05 24
19 06 05 23 09 3000490 19 07 23 19 09 12
19 10 29 08 32 3000491 19 11 19 19 12 06
19 11 23 10 46 3000492 19 12 23 20 01 25
19 04 25 13 16 3000493 19 06 08 19 07 27
19 12 10 17 26 3000494 20 01 20 20 02 16
19 05 10 06 07 3000495 19 06 29 19 07 18
19 03 17 01 56 3000496 19 05 04 19 05 07
19 09 22 10 36 3000497 19 11 16 19 12 05
19 04 06 16 38 3000498 19 05 06 19 07 07
19 01 19 09 48 3000499 19 02 07 19 04 03
19 01 03 07 08 3000500 19 01 27 19 03 14
19 04 21 19 18 3000501 19 05 23 19 06 01
19 03 31 00 27 3000502 19 04 25 19 05 22
19 08 21 09 17 3000503 19 10 19 19 12 01
19 10 28 23 44 3000504 19 11 17 19 12 20
19 12 15 12 16 3000505 20 01 31 20 03 29
19 01 24 14 52 3000506 19 02 06 19 03 05
19 01 14 18 12 3000507 19 01 18 19 03 14
19 11 13 23 39 3000508 19 12 04 19 12 22
19 03 13 11 36 3000509 19 05 07 19 06 20
19 12 04 03 58 3000510 19 12 07 20 01 06
19 06 22 14 24 3000511 19 06 23 19 07 05
19 10 03 10 17 3000512 19 10 21 19 10 27
19 04 08 20 13 3000513 19 05 22 19 07 06
19 01 19 18 13 3000514 19 02 26 19 04 26
19 08 15 05 18 3000515 19 09 17 19 10 20
19 11 04 02 43 3000516 19 12 10 19 12 25
19 09 06 08 18 3000517 19 09 30 19 10 12
19 04 09 06 23 3000518 19 05 07 19 06 20
19 03 09 15 39 3000519 19 04 06 19 06 06
19 11 22 22 43 3000520 19 12 29 20 02 07
19 05 19 16 16 3000521 19 06 24 19 07 09
19 02 26 02 37 3000522 19 03 26 19 05 06
19 07 13 06 10 3000523 19 09 05 19 09 22
19 03 14 11 11 3000524 19 05 10 19 05 11
19 10 09 16 04 3000525 19 10 25 19 11 28
19 05 23 15 06 3000526 19 05 27 19 07 08
19 08 08 08 26 3000527 19 09 28 19 10 18
19 06 05 00 49 3000528 19 07 05 19 07 31
19 11 28 08 23 3000529 19 11 30 20 01 05
19 12 06 22 36 3000530 20 01 07 20 01 14
19 11 13 07 43 3000531 19 12 16 20 01 23
19 06 14 14 26 3000532 19 07 25 19 08 22
19 01 27 21 19 3000533 19 02 07 19 02 19
19 03 07 01 31 3000534 19 03 12 19 05 01
19 02 09 10 38 3000535 19 03 01 19 04 18
19 09 04 22 18 3000536 19 11 04 19 11 20
19 08 23 00 17 3000537 19 09 27 19 10 20
19 11 28 08 37 3000538 19 12 03 19 12 17
19 02 01 00 13 3000539 19 02 11 19 02 27
19 01 25 19 34 3000540 19 02 19 19 03 15
19 03 16 00 59 3000541 19 05 09 19 05 15
19 07 08 23 39 3000542 19 08 29 19 10 30
19 12 14 11 09 3000543 20 01 20 20 02 15
19 01 27 00 03 3000544 19 03 05 19 05 03
19 03 22 01 35 3000545 19 03 25 19 03 26
19 03 02 07 11 3000546 19 03 31 19 05 07
19 07 05 04 00 3000547 19 08 09 19 08 10
19 03 28 20 56 3000548 19 04 20 19 04 23
19 12 08 03 16 3000549 19 12 22 19 12 30
19 07 01 14 37 3000550 19 08 22 19 10 21
19 07 31 02 17 3000551 19 09 05 19 09 14
19 06 19 03 07 3000552 19 08 11 19 09 18
19 04 23 12 42 3000553 19 06 08 19 06 21
19 02 01 13 11 3000554 19 02 15 19 03 31
19 02 16 03 08 3000555 19 04 13 19 05 21
19 12 04 11 35 3000556 19 12 18 20 02 05
19 03 13 12 16 3000557 19 05 10 19 07 10
19 10 10 00 16 3000558 19 11 20 19 12 08
19 07 23 19 23 3000559 19 09 21 19 11 10
19 05 23 00 05 3000560 19 06 20 19 08 15
19 01 13 08 25 3000561 19 03 09 19 03 16
19 05 03 18 57 3000562 19 07 01 19 08 12
19 11 19 16 02 3000563 19 12 07 19 12 29
19 04 07 11 58 3000564 19 05 28 19 07 21
19 03 05 05 36 3000565 19 03 13 19 05 08
19 05 18 23 42 3000566 19 07 05 19 07 19
19 06 22 09 56 3000567 19 07 13 19 09 03
19 06 14 17 25 3000568 19 07 18 19 07 28
19 05 20 04 17 3000569 19 06 04 19 07 02
19 01 20 16 16 3000570 19 02 13 19 03 19
19 07 30 08 25 3000571 19 09 05 19 10 18
19 06 05 21 37 3000572 19 06 21 19 07 26
19 07 26 13 19 3000573 19 08 19 19 08 22
19 11 15 06 46 3000574 19 12 02 20 01 17
19 03 16 22 43 3000575 19 03 28 19 05 28
19 01 13 15 37 3000576 19 02 11 19 02 15
19 10 14 09 27 3000577 19 11 12 20 01 10
19 01 13 21 00 3000578 19 01 18 19 02 14
19 10 24 10 44 3000579 19 11 14 19 12 24
19 01 22 13 28 3000580 19 02 10 19 02 27
19 02 01 19 52 3000581 19 02 03 19 02 17
19 03 04 18 54 3000582 19 03 07 19 03 31
19 06 13 05 39 3000583 19 07 16 19 08 08
19 11 05 23 43 3000584 19 11 18 19 11 23
19 10 29 04 41 3000585 19 11 19 20 01 06
19 12 25 21 38 3000586 20 01 13 20 02 25
19 04 20 05 06 3000587 19 05 20 19 06 09
19 01 23 17 02 3000588 19 03 20 19 03 28
19 10 17 22 36 3000589 19 11 14 20 01 13
19 05 24 11 31 3000590 19 07 10 19 07 22
19 11 29 21 18 3000591 20 01 03 20 01 27
19 08 01 00 05 3000592 19 09 11 19 10 24
19 12 11 23 04 3000593 19 12 16 19 12 29
19 09 01 04 25 3000594 19 09 03 19 09 12
19 08 17 09 24 3000595 19 08 18 19 08 30
19 03 16 05 01 3000596 19 03 30 19 05 23
19 05 03 14 56 3000597 19 05 27 19 06 23
19 08 26 04 30 3000598 19 10 15 19 12 02
19 10 16 15 16 3000599 19 10 30 19 11 15
19 10 16 15 25 3000600 19 12 12 20 01 16
19 09 24 05 51 3000601 19 11 25 19 12 31
19 02 01 20 31 3000602 19 03 25 19 04 22
19 05 24 07 24 3000603 19 05 27 19 07 05
19 11 02 00 02 3000604 19 11 12 20 01 02
19 10 11 14 47 3000605 19 11 14 19 12 20
19 06 05 18 36 3000606 19 06 26 19 08 07
19 09 24 13 18 3000607 19 11 10 20 01 08
19 12 24 23 51 3000608 20 01 25 20 02 13
19 03 27 16 26 3000609 19 05 03 19 06 20
19 03 05 13 11 3000610 19 03 14 19 04 30
19 12 29 22 13 3000611 20 01 20 20 02 18
19 02 23 15 12 3000612 19 03 29 19 04 30
19 12 14 23 25 3000613 20 02 08 20 03 23
19 05 15 08 28 3000614 19 06 09 19 07 03
19 12 02 08 27 3000615 20 01 31 20 02 21
19 03 01 06 21 3000616 19 04 23 19 06 17
19 08 06 12 53 3000617 19 09 14 19 10 23
19 09 30 13 14 3000618 19 10 29 19 11 16
19 10 08 23 35 3000619 19 12 09 19 12 30
19 08 09 23 49 3000620 19 08 18 19 09 07
19 04 10 20 54 3000621 19 04 15 19 05 27
19 11 12 20 05 3000622 19 11 22 20 01 06
19 10 17 04 54 3000623 19 10 29 19 11 20
19 07 06 10 49 3000624 19 08 15 19 09 08
19 09 05 05 26 3000625 19 10 21 19 11 04
19 06 12 03 16 3000626 19 07 04 19 08 27
19 01 03 07 06 3000627 19 02 28 19 03 01
19 09 05 15 41 3000628 19 10 23 19 11 14
19 04 29 02 31 3000629 19 05 02 19 06 24
19 10 18 23 22 3000630 19 11 19 19 12 30
19 01 10 09 34 3000631 19 01 27 19 02 01
19 11 03 03 44 3000632 19 12 21 20 02 04
19 09 19 23 17 3000633 19 09 26 19 10 17
19 06 26 05 53 3000634 19 07 13 19 09 01
19 02 12 18 09 3000635 19 03 26 19 04 05
19 04 14 06 50 3000636 19 05 12 19 06 13
19 05 19 03 06 3000637 19 07 12 19 09 10
19 11 23 12 03 3000638 19 12 10 20 01 27
19 08 29 23 41 3000639 19 10 10 19 11 08
19 05 13 18 20 3000640 19 06 11 19 08 01
19 01 10 15 26 3000641 19 01 16 19 02 09
19 04 22 16 40 3000642 19 06 10 19 06 26
19 06 05 16 46 3000643 19 07 30 19 08 26
19 03 12 22 54 3000644 19 03 26 19 04 28
19 09 26 11 52 3000645 19 11 03 19 11 11
19 03 07 20 30 3000646 19 03 09 19 04 24
19 11 19 20 02 3000647 19 12 17 20 02 07
19 10 16 06 47 3000648 19 12 13 19 12 28
19 08 25 11 09 3000649 19 10 23 19 11 27
19 07 05 19 00 3000650 19 08 31 19 09 02
19 10 08 23 02 3000651 19 12 09 20 01 08
19 03 12 17 25 3000652 19 04 08 19 05 23
19 04 27 19 46 3000653 19 05 08 19 06 06
19 03 17 12 24 3000654 19 04 09 19 04 30
19 05 26 01 47 3000655 19 07 27 19 09 02
19 02 22 21 16 3000656 19 03 28 19 05 18
19 05 15 14 38 3000657 19 07 07 19 09 07
19 11 23 21 19 3000658 20 01 16 20 02 10
19 03 03 01 22 3000659 19 05 02 19 06 15
19 06 13 05 22 3000660 19 08 08 19 08 10
19 08 24 11 07 3000661 19 09 25 19 10 25
19 06 29 04 46 3000662 19 08 04 19 08 26
19 12 06 20 30 3000663 19 12 24 20 01 12
19 12 23 22 01 3000664 20 02 13 20 03 24
19 11 04 08 18 3000665 19 12 09 20 01 22
19 05 31 10 18 3000666 19 06 24 19 07 22
19 01 17 03 45 3000667 19 01 22 19 01 29
19 02 09 15 28 3000668 19 03 09 19 04 28
19 10 10 22 53 3000669 19 10 19 19 11 02
19 05 23 00 43 3000670 19 07 14 19 08 23
19 12 29 17 37 3000671 19 12 30 20 01 04
19 11 30 08 40 3000672 19 12 08 19 12 25
19 10 17 06 58 3000673 19 11 30 20 01 19
19 05 09 03 15 3000674 19 06 26 19 07 25
19 01 06 09 18 3000675 19 03 09 19 04 09
19 10 14 23 10 3000676 19 11 12 19 12 15
19 10 30 09 30 3000677 19 12 14 19 12 19
19 01 21 10 09 3000678 19 03 21 19 04 13
19 06 12 21 02 3000679 19 07 14 19 08 02
19 08 12 09 45 3000680 19 09 23 19 09 24
19 11 24 16 53 3000681 19 12 08 19 12 26
19 08 05 06 14 3000682 19 08 26 19 10 18
19 09 01 17 33 3000683 19 10 19 19 12 13
19 08 16 19 52 3000684 19 10 05 19 10 18
19 10 03 06 13 3000685 19 10 11 19 12 08
19 03 05 12 01 3000686 19 03 11 19 04 01
19 11 21 03 17 3000687 19 12 12 20 01 13
19 05 16 04 28 3000688 19 06 09 19 07 04
19 09 10 06 10 3000689 19 10 29 19 11 25
19 11 19 05 51 3000690 20 01 12 20 01 27
19 10 18 04 45 3000691 19 12 19 19 12 21
19 05 03 10 32 3000692 19 05 12 19 06 17
19 10 07 21 52 3000693 19 10 17 19 12 14
19 12 26 18 35 3000694 20 02 25 20 04 24
19 08 16 08 20 3000695 19 08 26 19 09 26
19 09 26 11 46 3000696 19 10 22 19 11 12
19 12 07 13 52 3000697 19 12 28 20 01 21
19 09 13 16 44 3000698 19 09 19 19 11 14
19 09 18 11 49 3000699 19 09 22 19 10 13
19 12 24 08 44 3000700 19 12 28 20 01 01
19 11 01 20 53 3000701 20 01 01 20 01 12
19 03 16 19 34 3000702 19 03 26 19 04 19
19 01 03 00 50 3000703 19 01 19 19 02 03
19 07 22 02 27 3000704 19 09 08 19 10 05
19 01 31 07 57 3000705 19 03 28 19 05 09
19 03 11 15 25 3000706 19 03 29 19 04 20
19 01 20 21 49 3000707 19 03 10 19 05 04
19 07 24 23 34 3000708 19 09 21 19 09 27
19 11 13 23 33 3000709 19 12 02 20 01 24
19 12 13 06 58 3000710 20 01 21 20 03 17
19 10 06 15 26 3000711 19 10 22 19 11 15
19 02 16 09 56 3000712 19 02 19 19 02 21
19 03 16 19 45 3000713 19 03 17 19 05 03
19 09 01 06 40 3000714 19 09 09 19 10 26
19 11 17 03 28 3000715 19 12 05 19 12 24
19 07 10 08 26 3000716 19 07 18 19 09 13
19 07 18 20 51 3000717 19 08 04 19 09 29
19 07 17 01 02 3000718 19 09 04 19 10 29
19 12 25 00 41 3000719 20 01 22 20 02 06
19 02 18 07 43 3000720 19 04 19 19 04 20
19 04 13 00 06 3000721 19 06 08 19 07 18
19 04 14 09 45 3000722 19 05 19 19 05 21
19 02 04 22 13 3000723 19 03 29 19 05 08
19 02 07 16 55 3000724 19 04 03 19 06 04
19 12 06 00 37 3000725 20 01 14 20 01 24
19 01 03 20 52 3000726 19 01 24 19 01 25
19 06 30 01 50 3000727 19 07 17 19 08 30
19 04 29 20 15 3000728 19 06 27 19 07 18
19 03 01 00 28 3000729 19 03 28 19 05 10
19 09 21 23 30 3000730 19 11 11 19 12 27
19 05 04 22 12 3000731 19 07 02 19 08 27
19 10 23 03 56 3000732 19 10 26 19 11 28
19 06 04 10 05 3000733 19 06 21 19 08 21
19 04 09 03 00 3000734 19 04 16 19 05 18
19 11 18 20 34 3000735 20 01 14 20 02 04
19 06 19 22 31 3000736 19 06 28 19 07 14
19 05 12 05 50 3000737 19 06 08 19 08 01
19 03 09 03 41 3000738 19 04 09 19 04 11
19 12 10 05 11 3000739 20 01 31 20 04 01
19 01 20 15 29 3000740 19 03 18 19 03 20
19 08 10 18 04 3000741 19 09 29 19 11 01
19 01 29 16 35 3000742 19 02 24 19 04 27
19 03 28 22 10 3000743 19 04 24 19 06 18
19 07 20 20 01 3000744 19 08 25 19 09 07
19 02 06 02 44 3000745 19 04 07 19 04 23
19 08 05 23 49 3000746 19 09 15 19 09 21
19 09 28 01 14 3000747 19 11 21 19 11 22
19 04 11 13 27 3000748 19 05 02 19 06 13
19 08 17 17 07 3000749 19 08 31 19 10 13
19 05 17 18 20 3000750 19 05 30 19 07 18
19 09 11 08 45 3000751 19 11 06 19 12 14
19 01 07 15 59 3000752 19 02 24 19 03 05
19 07 28 08 34 3000753 19 09 14 19 11 14
19 07 14 01 18 3000754 19 08 15 19 08 24
19 06 08 01 49 3000755 19 06 12 19 06 22
19 11 25 10 34 3000756 20 01 10 20 03 11
19 09 12 19 22 3000757 19 09 22 19 09 27
19 10 26 23 19 3000758 19 11 05 19 12 22
19 10 13 01 17 3000759 19 12 04 20 01 17
19 12 13 14 21 3000760 19 12 31 20 01 15
19 08 27 11 40 3000761 19 10 23 19 12 06
19 10 11 13 59 3000762 19 10 27 19 11 05
19 01 02 04 47 3000763 19 01 09 19 02 16
19 11 06 07 44 3000764 19 11 09 19 12 14
19 02 16 01 05 3000765 19 04 11 19 04 27
19 04 08 06 07 3000766 19 04 18 19 05 29
19 04 30 05 42 3000767 19 05 24 19 06 07
19 08 11 15 27 3000768 19 10 06 19 11 16
19 12 28 15 23 3000769 20 02 09 20 03 22
19 12 31 07 44 3000770 20 01 23 20 02 06
19 04 01 23 22 3000771 19 05 24 19 06 09
19 06 13 02 41 3000772 19 08 08 19 09 08
19 10 11 08 57 3000773 19 12 12 20 01 18
19 11 13 06 58 3000774 19 11 25 19 12 06
19 02 05 22 51 3000775 19 03 25 19 04 18
19 12 20 06 12 3000776 20 02 03 20 03 02
19 04 25 07 15 3000777 19 05 29 19 07 03
19 02 07 10 55 3000778 19 03 04 19 03 05
19 01 17 09 50 3000779 19 03 03 19 04 18
19 01 16 15 34 3000780 19 03 18 19 04 28
19 12 07 05 53 3000781 20 02 01 20 04 01
19 10 01 16 16 3000782 19 11 22 20 01 20
19 09 05 21 11 3000783 19 09 28 19 11 27
19 11 14 21 34 3000784 19 12 02 19 12 14
19 05 29 23 55 3000785 19 05 31 19 06 17
19 10 18 00 44 3000786 19 12 01 19 12 08
19 04 01 02 16 3000787 19 04 06 19 06 04
19 06 29 20 06 3000788 19 07 18 19 07 22
19 07 24 00 39 3000789 19 09 19 19 10 20
19 06 07 17 34 3000790 19 06 25 19 07 31
19 10 29 11 27 3000791 19 11 17 20 01 11
19 01 18 00 57 3000792 19 03 15 19 05 12
19 02 24 16 24 3000793 19 04 14 19 05 12
19 02 09 14 56 3000794 19 04 03 19 05 06
19 06 18 22 05 3000795 19 07 19 19 08 24
19 08 18 08 31 3000796 19 09 08 19 09 17
19 10 05 13 56 3000797 19 10 27 19 11 17
19 03 05 05 48 3000798 19 03 21 19 04 16
19 04 11 18 47 3000799 19 04 18 19 06 07
19 10 20 01 24 3000800 19 10 30 19 11 26
19 01 07 16 57 3000801 19 02 05 19 02 27
19 11 29 00 45 3000802 19 12 22 20 01 09
19 03 27 19 23 3000803 19 05 17 19 06 04
19 10 14 12 31 3000804 19 12 12 19 12 24
19 09 01 01 54 3000805 19 09 15 19 09 28
19 01 21 08 34 3000806 19 03 04 19 04 22
19 12 23 05 58 3000807 20 02 14 20 03 06
19 04 10 18 53 3000808 19 05 20 19 06 12
19 01 29 17 25 3000809 19 02 18 19 02 24
19 06 16 18 24 3000810 19 07 24 19 09 24
19 05 16 15 11 3000811 19 05 29 19 07 04
19 06 08 10 41 3000812 19 06 27 19 07 29
19 09 14 01 19 3000813 19 11 15 20 01 04
19 11 04 22 11 3000814 19 12 02 19 12 29
19 12 14 15 17 3000815 20 01 10 20 01 11
19 02 01 09 52 3000816 19 02 17 19 04 08
19 09 17 23 54 3000817 19 11 01 19 12 23
19 01 15 00 51 3000818 19 02 14 19 02 23
19 08 30 09 38 3000819 19 09 16 19 09 29
19 08 15 07 54 3000820 19 09 09 19 10 06
19 09 14 05 43 3000821 19 10 31 19 11 14
19 04 14 01 56 3000822 19 04 16 19 06 02
19 10 12 16 49 3000823 19 12 13 20 01 16
19 10 27 08 07 3000824 19 12 21 20 01 10
19 11 20 00 39 3000825 19 12 04 20 01 23
19 03 14 06 01 3000826 19 05 11 19 06 02
19 12 21 19 39 3000827 19 12 31 20 01 14
19 07 04 13 22 3000828 19 07 11 19 09 08
19 06 10 20 30 3000829 19 06 14 19 07 26
19 10 24 23 31 3000830 19 12 07 20 01 31
19 09 20 01 39 3000831 19 10 23 19 11 13
19 01 14 22 23 3000832 19 02 02 19 02 16
19 07 12 07 43 3000833 19 07 30 19 08 16
19 12 30 16 39 3000834 20 01 28 20 02 08
19 08 07 20 15 3000835 19 09 12 19 10 09
19 11 07 07 38 3000836 20 01 04 20 01 06
19 04 01 04 47 3000837 19 05 30 19 06 20
19 06 03 02 35 3000838 19 07 29 19 08 20
19 02 10 12 32 3000839 19 02 26 19 03 28
19 01 06 16 08 3000840 19 01 29 19 04 01
19 02 16 22 49 3000841 19 04 03 19 05 11
19 02 06 18 41 3000842 19 03 25 19 04 12
19 03 31 01 11 3000843 19 04 28 19 05 04
19 10 16 06 36 3000844 19 12 06 20 01 26
19 08 01 12 31 3000845 19 10 02 19 10 12
19 07 19 11 49 3000846 19 09 13 19 09 28
19 01 20 04 41 3000847 19 02 15 19 02 16
19 07 05 19 29 3000848 19 07 20 19 08 12
19 06 05 21 54 3000849 19 06 20 19 07 16
19 04 29 16 40 3000850 19 06 20 19 07 25
19 02 13 08 37 3000851 19 03 10 19 05 01
19 03 16 10 35 3000852 19 04 13 19 04 29
19 02 25 20 56 3000853 19 03 01 19 03 30
19 06 13 05 35 3000854 19 07 19 19 08 07
19 07 15 03 55 3000855 19 09 01 19 09 06
19 03 21 11 16 3000856 19 04 15 19 04 27
19 03 17 05 11 3000857 19 03 22 19 05 04
19 10 09 23 50 3000858 19 11 20 20 01 14
19 03 06 09 19 3000859 19 03 28 19 04 26
19 06 18 20 42 3000860 19 07 29 19 08 30
19 06 25 21 58 3000861 19 07 07 19 07 12
19 09 22 02 27 3000862 19 11 20 19 12 31
19 12 11 07 36 3000863 20 02 05 20 03 10
19 08 22 15 43 3000864 19 10 20 19 11 25
19 06 14 13 44 3000865 19 06 23 19 08 18
19 03 17 07 06 3000866 19 05 10 19 05 18
19 01 17 09 25 3000867 19 02 11 19 03 04
19 03 16 13 04 3000868 19 04 30 19 05 02
19 06 30 06 24 3000869 19 08 13 19 09 26
19 06 11 18 29 3000870 19 07 13 19 08 30
19 09 14 14 49 3000871 19 09 19 19 09 20
19 12 24 03 21 3000872 20 01 04 20 02 06
19 09 30 21 27 3000873 19 11 17 20 01 07
19 08 22 12 12 3000874 19 09 27 19 11 09
19 09 16 05 43 3000875 19 10 19 19 11 14
19 12 05 04 00 3000876 19 12 22 19 12 31
19 11 02 19 28 3000877 19 12 03 20 02 03
19 08 24 15 40 3000878 19 09 03 19 09 07
19 10 12 16 02 3000879 19 12 01 19 12 05
19 01 02 07 33 3000880 19 01 24 19 02 19
19 10 21 06 23 3000881 19 10 30 19 12 25
19 06 19 14 49 3000882 19 06 23 19 08 15
19 01 20 18 20 3000883 19 03 13 19 03 21
19 01 05 11 55 3000884 19 01 14 19 02 18
19 01 13 11 41 3000885 19 02 07 19 03 13
19 03 08 19 07 3000886 19 05 06 19 05 23
19 12 23 02 27 3000887 19 12 26 20 01 08
19 01 31 01 09 3000888 19 04 01 19 05 06
19 04 28 03 14 3000889 19 06 24 19 08 10
19 07 20 11 25 3000890 19 08 15 19 09 29
19 10 31 09 40 3000891 19 12 02 20 01 03
19 10 12 04 36 3000892 19 12 12 20 01 25
19 11 23 03 33 3000893 20 01 20 20 03 17
19 03 01 17 59 3000894 19 04 12 19 04 23
19 03 03 11 53 3000895 19 03 29 19 04 29
19 10 06 17 37 3000896 19 11 28 20 01 12
19 05 07 12 58 3000897 19 05 13 19 06 09
19 10 14 20 02 3000898 19 10 24 19 12 10
19 06 05 02 03 3000899 19 06 14 19 07 23
19 02 05 02 55 3000900 19 04 08 19 04 29
19 01 20 23 06 3000901 19 01 23 19 03 14
19 05 06 03 49 3000902 19 06 01 19 07 19
19 12 22 08 49 3000903 20 01 18 20 02 29
19 07 09 14 22 3000904 19 09 03 19 10 02
19 09 06 11 51 3000905 19 11 03 19 11 24
19 12 07 10 29 3000906 19 12 24 19 12 26
19 02 17 09 43 3000907 19 02 23 19 02 25
19 08 04 16 31 3000908 19 08 19 19 08 21
19 08 11 13 33 3000909 19 09 24 19 10 11
19 09 16 20 54 3000910 19 11 02 19 12 08
19 11 25 18 53 3000911 19 12 18 20 02 13
19 06 11 13 58 3000912 19 06 12 19 07 07
19 04 12 08 23 3000913 19 04 29 19 06 16
19 08 12 18 57 3000914 19 10 12 19 11 01
19 08 04 03 19 3000915 19 08 30 19 09 01
19 10 21 01 00 3000916 19 11 27 19 12 23
19 05 02 17 13 3000917 19 05 11 19 07 07
19 10 13 22 22 3000918 19 10 25 19 12 01
19 08 30 10 33 3000919 19 10 05 19 11 08
19 03 01 04 57 3000920 19 04 14 19 06 05
19 01 31 12 01 3000921 19 02 08 19 03 27
19 12 17 06 45 3000922 20 01 25 20 03 15
19 06 11 11 59 3000923 19 06 20 19 07 02
19 11 11 16 42 3000924 19 12 08 20 01 06
19 11 24 08 53 3000925 20 01 16 20 01 25
19 09 01 14 17 3000926 19 09 02 19 09 15
19 06 24 23 48 3000927 19 08 23 19 09 17
19 11 09 02 45 3000928 19 12 08 20 01 30
19 09 14 20 33 3000929 19 11 06 20 01 03
19 06 26 05 43 3000930 19 08 10 19 10 11
19 04 14 16 22 3000931 19 06 08 19 07 05
19 11 22 09 13 3000932 19 12 31 20 02 03
19 12 23 12 38 3000933 20 02 19 20 03 04
19 06 06 08 07 3000934 19 06 10 19 07 12
19 11 08 01 06 3000935 20 01 01 20 01 06
19 07 25 04 52 3000936 19 08 29 19 09 19
19 11 25 15 31 3000937 20 01 11 20 02 25
19 07 21 20 59 3000938 19 09 15 19 09 27
19 06 30 17 08 3000939 19 07 31 19 08 24
19 02 23 12 52 3000940 19 04 16 19 05 13
19 07 04 06 26 3000941 19 08 10 19 10 11
19 09 12 08 55 3000942 19 11 07 19 11 22
19 12 21 22 39 3000943 20 01 09 20 02 14
19 12 04 04 08 3000944 20 01 07 20 02 06
19 01 22 09 07 3000945 19 02 04 19 03 22
19 08 23 06 30 3000946 19 09 03 19 09 08
19 06 02 21 54 3000947 19 06 06 19 06 29
19 03 24 14 36 3000948 19 05 01 19 05 03
19 05 24 01 02 3000949 19 07 18 19 09 04
19 05 05 18 39 3000950 19 06 21 19 08 08
19 03 31 06 10 3000951 19 05 24 19 07 20
19 12 29 16 08 3000952 20 01 30 20 03 03
19 11 10 22 39 3000953 19 12 21 20 02 08
19 12 07 18 08 3000954 19 12 27 20 02 17
19 01 02 12 35 3000955 19 01 26 19 02 24
19 04 13 21 34 3000956 19 05 24 19 07 06
19 06 23 19 27 3000957 19 07 04 19 07 25
19 12 19 02 02 3000958 20 02 06 20 02 10
19 10 18 19 42 3000959 19 12 10 20 01 12
19 06 27 12 05 3000960 19 08 01 19 09 26
19 07 13 22 56 3000961 19 09 02 19 10 25
19 10 23 17 47 3000962 19 10 31 19 12 21
19 11 16 15 46 3000963 19 12 03 19 12 10
19 10 14 23 25 3000964 19 10 26 19 12 26
19 08 21 08 25 3000965 19 09 05 19 10 02
19 08 07 11 29 3000966 19 09 12 19 11 09
19 11 20 14 58 3000967 19 12 02 19 12 31
19 06 27 04 04 3000968 19 06 28 19 08 03
19 06 05 14 15 3000969 19 07 13 19 07 29
19 04 18 03 17 3000970 19 05 30 19 06 22
19 08 12 16 14 3000971 19 09 22 19 10 07
19 10 12 13 17 3000972 19 12 13 20 01 18
19 05 23 00 56 3000973 19 06 16 19 08 07
19 01 24 19 11 3000974 19 02 08 19 02 16
19 01 22 07 22 3000975 19 03 02 19 04 10
19 01 15 19 18 3000976 19 02 02 19 03 16
19 09 28 18 35 3000977 19 11 15 20 01 16
19 12 08 07 25 3000978 20 02 03 20 02 26
19 06 14 17 05 3000979 19 07 18 19 07 22
19 03 24 00 35 3000980 19 05 20 19 07 01
19 12 27 06 43 3000981 20 02 12 20 03 26
19 11 12 20 41 3000982 20 01 09 20 03 09
19 12 04 23 21 3000983 20 01 15 20 02 12
19 09 20 12 35 3000984 19 11 01 19 12 04
19 01 19 23 30 3000985 19 03 05 19 03 07
19 07 04 15 34 3000986 19 08 08 19 10 01
19 11 19 22 40 3000987 19 12 16 19 12 19
19 11 13 18 50 3000988 19 12 20 19 12 24
19 10 20 03 00 3000989 19 11 06 19 11 13
19 10 01 21 43 3000990 19 11 30 20 01 12
19 07 30 11 10 3000991 19 08 24 19 09 04
19 11 24 04 55 3000992 20 01 18 20 02 05
19 02 05 05 48 3000993 19 02 14 19 02 24
19 09 10 07 54 3000994 19 09 17 19 11 06
19 10 23 09 45 3000995 19 11 05 19 12 07
19 01 25 20 05 3000996 19 02 09 19 03 29
19 01 10 06 52 3000997 19 02 05 19 03 18
19 09 30 18 45 3000998 19 11 07 20 01 04
19 09 28 18 17 3000999 19 11 27 19 12 23
19 03 06 02 18 3001000 19 03 20 19 04 10
