2000001 19 01 01 01 42
2000002 19 01 01 03 55
2000003 19 01 01 04 42
2000004 19 01 02 02 37
2000005 19 01 02 22 47
2000006 19 01 03 00 32
2000007 19 01 03 02 20
2000008 19 01 03 08 01
2000009 19 01 03 09 16
2000010 19 01 03 17 09
2000011 19 01 04 06 35
2000012 19 01 04 07 58
2000013 19 01 04 23 21
2000014 19 01 05 07 04
2000015 19 01 05 07 08
2000016 19 01 05 09 29
2000017 19 01 05 15 22
2000018 19 01 05 22 50
2000019 19 01 05 23 50
2000020 19 01 06 02 39
2000021 19 01 06 02 55
2000022 19 01 06 16 25
2000023 19 01 06 22 49
2000024 19 01 07 10 48
2000025 19 01 07 11 27
2000026 19 01 08 01 00
2000027 19 01 08 03 20
2000028 19 01 08 07 22
2000029 19 01 08 23 42
2000030 19 01 09 00 36
2000031 19 01 09 06 51
2000032 19 01 09 08 33
2000033 19 01 09 21 18
2000034 19 01 10 03 17
2000035 19 01 10 04 46
2000036 19 01 10 19 51
2000037 19 01 10 22 46
2000038 19 01 10 23 29
2000039 19 01 11 03 20
2000040 19 01 11 05 22
2000041 19 01 11 08 23
2000042 19 01 11 10 54
2000043 19 01 11 11 21
2000044 19 01 11 20 22
2000045 19 01 12 07 07
2000046 19 01 12 14 47
2000047 19 01 13 10 14
2000048 19 01 13 12 26
2000049 19 01 14 10 33
2000050 19 01 14 12 23
2000051 19 01 14 14 25
2000052 19 01 14 16 40
2000053 19 01 15 22 14
2000054 19 01 16 00 24
2000055 19 01 17 07 33
2000056 19 01 17 09 34
2000057 19 01 17 15 16
2000058 19 01 18 02 50
2000059 19 01 18 07 25
2000060 19 01 18 21 58
2000061 19 01 18 22 00
2000062 19 01 19 06 08
2000063 19 01 19 08 38
2000064 19 01 19 12 32
2000065 19 01 20 05 04
2000066 19 01 20 16 53
2000067 19 01 20 18 31
2000068 19 01 20 21 20
2000069 19 01 21 06 55
2000070 19 01 21 08 45
2000071 19 01 22 09 39
2000072 19 01 22 10 47
2000073 19 01 23 02 20
2000074 19 01 23 02 40
2000075 19 01 23 06 34
2000076 19 01 23 12 44
2000077 19 01 24 05 49
2000078 19 01 24 17 09
2000079 19 01 25 11 05
2000080 19 01 25 16 11
2000081 19 01 25 19 04
2000082 19 01 26 06 30
2000083 19 01 27 06 07
2000084 19 01 27 16 58
2000085 19 01 27 23 42
2000086 19 01 29 15 15
2000087 19 01 30 00 58
2000088 19 01 30 05 34
2000089 19 01 30 19 16
2000090 19 01 30 21 05
2000091 19 01 30 22 51
2000092 19 01 31 08 42
2000093 19 01 31 20 46
2000094 19 02 01 01 57
2000095 19 02 01 07 48
2000096 19 02 02 10 01
2000097 19 02 02 14 11
2000098 19 02 02 18 27
2000099 19 02 02 22 12
2000100 19 02 03 03 15
2000101 19 02 04 08 34
2000102 19 02 04 16 54
2000103 19 02 04 22 10
2000104 19 02 05 06 20
2000105 19 02 07 16 35
2000106 19 02 07 21 11
2000107 19 02 09 01 05
2000108 19 02 09 01 55
2000109 19 02 09 10 34
2000110 19 02 10 05 54
2000111 19 02 11 00 54
2000112 19 02 11 19 14
2000113 19 02 12 12 45
2000114 19 02 13 01 42
2000115 19 02 13 04 40
2000116 19 02 13 07 01
2000117 19 02 13 12 41
2000118 19 02 13 19 15
2000119 19 02 13 22 02
2000120 19 02 14 01 04
2000121 19 02 14 01 09
2000122 19 02 14 05 08
2000123 19 02 15 01 40
2000124 19 02 15 13 26
2000125 19 02 15 17 20
2000126 19 02 16 19 18
2000127 19 02 16 21 30
2000128 19 02 17 04 06
2000129 19 02 17 16 53
2000130 19 02 18 01 55
2000131 19 02 19 00 20
2000132 19 02 19 03 00
2000133 19 02 19 15 33
2000134 19 02 19 21 28
2000135 19 02 19 22 16
2000136 19 02 20 12 18
2000137 19 02 20 15 25
2000138 19 02 20 20 06
2000139 19 02 20 20 42
2000140 19 02 21 00 00
2000141 19 02 21 13 25
2000142 19 02 22 02 25
2000143 19 02 22 16 18
2000144 19 02 22 21 43
2000145 19 02 23 11 25
2000146 19 02 23 12 08
2000147 19 02 23 12 43
2000148 19 02 23 16 36
2000149 19 02 24 10 03
2000150 19 02 24 14 47
2000151 19 02 24 16 43
2000152 19 02 25 01 25
2000153 19 02 25 02 28
2000154 19 02 25 16 12
2000155 19 02 25 23 25
2000156 19 02 26 17 07
2000157 19 02 27 04 56
2000158 19 02 27 09 31
2000159 19 02 27 12 43
2000160 19 02 28 05 29
2000161 19 02 28 09 55
2000162 19 02 28 13 47
2000163 19 02 28 16 44
2000164 19 02 28 19 33
2000165 19 03 01 04 57
2000166 19 03 01 13 39
2000167 19 03 01 14 19
2000168 19 03 02 23 54
2000169 19 03 03 02 40
2000170 19 03 03 10 35
2000171 19 03 03 18 34
2000172 19 03 04 05 15
2000173 19 03 04 08 44
2000174 19 03 04 14 37
2000175 19 03 04 16 56
2000176 19 03 04 20 48
2000177 19 03 04 22 40
2000178 19 03 05 10 13
2000179 19 03 06 04 35
2000180 19 03 06 04 46
2000181 19 03 06 15 03
2000182 19 03 06 18 15
2000183 19 03 06 18 30
2000184 19 03 06 21 38
2000185 19 03 07 05 38
2000186 19 03 07 18 55
2000187 19 03 07 21 51
2000188 19 03 08 05 37
2000189 19 03 08 14 25
2000190 19 03 08 19 24
2000191 19 03 08 23 18
2000192 19 03 09 00 45
2000193 19 03 09 16 03
2000194 19 03 11 03 23
2000195 19 03 11 06 15
2000196 19 03 11 13 40
2000197 19 03 12 18 25
2000198 19 03 13 00 23
2000199 19 03 13 01 27
2000200 19 03 13 02 41
2000201 19 03 13 13 14
2000202 19 03 14 18 59
2000203 19 03 15 01 25
2000204 19 03 15 08 52
2000205 19 03 15 12 13
2000206 19 03 16 20 06
2000207 19 03 16 20 25
2000208 19 03 17 06 49
2000209 19 03 18 02 30
2000210 19 03 18 05 33
2000211 19 03 18 07 54
2000212 19 03 18 11 04
2000213 19 03 18 15 24
2000214 19 03 19 08 50
2000215 19 03 19 13 48
2000216 19 03 19 14 55
2000217 19 03 20 08 24
2000218 19 03 20 13 40
2000219 19 03 20 23 10
2000220 19 03 21 02 18
2000221 19 03 21 09 33
2000222 19 03 22 21 08
2000223 19 03 23 05 52
2000224 19 03 23 20 45
2000225 19 03 23 22 04
2000226 19 03 24 09 38
2000227 19 03 26 04 51
2000228 19 03 26 05 35
2000229 19 03 26 05 47
2000230 19 03 26 06 14
2000231 19 03 26 10 59
2000232 19 03 26 18 14
2000233 19 03 27 08 35
2000234 19 03 28 00 38
2000235 19 03 28 07 09
2000236 19 03 28 12 25
2000237 19 03 28 16 25
2000238 19 03 30 16 41
2000239 19 03 31 06 23
2000240 19 03 31 09 53
2000241 19 03 31 13 01
2000242 19 03 31 15 08
2000243 19 04 01 03 11
2000244 19 04 01 11 24
2000245 19 04 02 14 20
2000246 19 04 02 20 42
2000247 19 04 03 06 56
2000248 19 04 03 12 18
2000249 19 04 03 21 09
2000250 19 04 03 23 40
2000251 19 04 04 02 35
2000252 19 04 04 12 57
2000253 19 04 04 17 12
2000254 19 04 05 04 14
2000255 19 04 05 06 52
2000256 19 04 05 07 33
2000257 19 04 05 10 42
2000258 19 04 05 21 54
2000259 19 04 06 03 38
2000260 19 04 06 05 17
2000261 19 04 06 06 10
2000262 19 04 06 12 03
2000263 19 04 07 14 44
2000264 19 04 08 15 03
2000265 19 04 08 16 03
2000266 19 04 08 18 03
2000267 19 04 09 06 45
2000268 19 04 09 22 48
2000269 19 04 10 00 44
2000270 19 04 10 01 33
2000271 19 04 10 05 06
2000272 19 04 10 07 05
2000273 19 04 11 04 47
2000274 19 04 11 10 43
2000275 19 04 12 05 30
2000276 19 04 12 08 22
2000277 19 04 12 08 59
2000278 19 04 13 01 40
2000279 19 04 13 10 28
2000280 19 04 13 16 34
2000281 19 04 14 01 01
2000282 19 04 14 20 02
2000283 19 04 14 21 55
2000284 19 04 15 07 02
2000285 19 04 15 22 54
2000286 19 04 16 01 54
2000287 19 04 16 10 43
2000288 19 04 16 13 29
2000289 19 04 16 18 52
2000290 19 04 16 22 38
2000291 19 04 17 08 59
2000292 19 04 17 21 58
2000293 19 04 18 00 12
2000294 19 04 18 01 39
2000295 19 04 18 04 35
2000296 19 04 18 14 00
2000297 19 04 18 15 03
2000298 19 04 19 05 39
2000299 19 04 19 18 14
2000300 19 04 20 01 23
2000301 19 04 20 06 37
2000302 19 04 20 23 58
2000303 19 04 21 11 03
2000304 19 04 21 15 43
2000305 19 04 21 20 59
2000306 19 04 21 21 48
2000307 19 04 21 23 18
2000308 19 04 23 11 48
2000309 19 04 23 12 36
2000310 19 04 23 20 04
2000311 19 04 23 20 42
2000312 19 04 23 20 54
2000313 19 04 24 05 21
2000314 19 04 24 11 53
2000315 19 04 24 20 21
2000316 19 04 25 00 58
2000317 19 04 25 02 59
2000318 19 04 25 03 45
2000319 19 04 25 04 11
2000320 19 04 25 11 48
2000321 19 04 25 14 28
2000322 19 04 25 20 40
2000323 19 04 25 23 48
2000324 19 04 26 00 19
2000325 19 04 26 02 43
2000326 19 04 26 11 50
2000327 19 04 26 15 59
2000328 19 04 27 07 52
2000329 19 04 27 11 50
2000330 19 04 29 17 43
2000331 19 04 30 01 24
2000332 19 04 30 01 27
2000333 19 04 30 03 19
2000334 19 04 30 08 47
2000335 19 04 30 23 50
2000336 19 05 01 00 11
2000337 19 05 01 02 35
2000338 19 05 01 03 29
2000339 19 05 01 04 57
2000340 19 05 01 11 02
2000341 19 05 02 04 29
2000342 19 05 03 15 43
2000343 19 05 04 01 52
2000344 19 05 04 07 06
2000345 19 05 04 07 09
2000346 19 05 04 07 21
2000347 19 05 04 14 10
2000348 19 05 04 20 14
2000349 19 05 04 21 26
2000350 19 05 04 22 40
2000351 19 05 05 15 30
2000352 19 05 06 06 49
2000353 19 05 06 21 33
2000354 19 05 07 07 46
2000355 19 05 07 13 03
2000356 19 05 07 14 56
2000357 19 05 07 21 57
2000358 19 05 09 04 52
2000359 19 05 09 07 55
2000360 19 05 09 15 00
2000361 19 05 09 20 56
2000362 19 05 10 10 26
2000363 19 05 10 15 48
2000364 19 05 10 21 04
2000365 19 05 12 06 24
2000366 19 05 12 12 00
2000367 19 05 12 15 01
2000368 19 05 13 06 14
2000369 19 05 13 16 02
2000370 19 05 14 01 51
2000371 19 05 14 06 19
2000372 19 05 14 12 48
2000373 19 05 14 14 42
2000374 19 05 15 04 08
2000375 19 05 15 05 14
2000376 19 05 15 13 13
2000377 19 05 15 16 13
2000378 19 05 15 21 21
2000379 19 05 16 11 07
2000380 19 05 17 10 12
2000381 19 05 17 13 34
2000382 19 05 17 16 19
2000383 19 05 17 22 08
2000384 19 05 18 01 21
2000385 19 05 18 05 50
2000386 19 05 18 17 44
2000387 19 05 18 23 38
2000388 19 05 19 00 12
2000389 19 05 19 00 49
2000390 19 05 19 03 05
2000391 19 05 19 08 12
2000392 19 05 19 09 52
2000393 19 05 19 11 49
2000394 19 05 20 00 44
2000395 19 05 20 06 49
2000396 19 05 21 00 01
2000397 19 05 21 02 53
2000398 19 05 21 20 40
2000399 19 05 22 04 13
2000400 19 05 22 16 52
2000401 19 05 23 07 25
2000402 19 05 23 15 50
2000403 19 05 24 03 30
2000404 19 05 24 06 13
2000405 19 05 24 13 29
2000406 19 05 25 03 21
2000407 19 05 28 06 57
2000408 19 05 28 20 11
2000409 19 05 29 11 28
2000410 19 05 29 11 34
2000411 19 05 29 19 05
2000412 19 05 30 06 19
2000413 19 05 31 00 29
2000414 19 05 31 04 18
2000415 19 05 31 11 01
2000416 19 05 31 13 56
2000417 19 05 31 18 27
2000418 19 06 02 01 18
2000419 19 06 02 06 40
2000420 19 06 02 09 54
2000421 19 06 02 16 40
2000422 19 06 03 00 03
2000423 19 06 03 04 45
2000424 19 06 03 21 55
2000425 19 06 04 19 04
2000426 19 06 04 20 18
2000427 19 06 05 15 26
2000428 19 06 05 17 50
2000429 19 06 06 14 43
2000430 19 06 06 14 50
2000431 19 06 06 18 18
2000432 19 06 06 18 54
2000433 19 06 06 23 26
2000434 19 06 07 05 23
2000435 19 06 07 14 21
2000436 19 06 07 18 33
2000437 19 06 08 16 57
2000438 19 06 08 17 16
2000439 19 06 09 02 09
2000440 19 06 09 06 15
2000441 19 06 09 15 35
2000442 19 06 10 02 53
2000443 19 06 10 11 47
2000444 19 06 10 13 52
2000445 19 06 11 04 10
2000446 19 06 11 10 16
2000447 19 06 12 02 34
2000448 19 06 12 05 20
2000449 19 06 12 10 22
2000450 19 06 13 08 07
2000451 19 06 13 10 00
2000452 19 06 13 21 15
2000453 19 06 13 22 19
2000454 19 06 14 00 48
2000455 19 06 14 14 18
2000456 19 06 14 21 13
2000457 19 06 14 22 47
2000458 19 06 15 08 08
2000459 19 06 15 08 42
2000460 19 06 15 15 51
2000461 19 06 15 18 01
2000462 19 06 15 19 55
2000463 19 06 16 10 49
2000464 19 06 16 13 14
2000465 19 06 16 13 54
2000466 19 06 16 16 07
2000467 19 06 17 02 12
2000468 19 06 17 21 22
2000469 19 06 18 05 33
2000470 19 06 18 11 36
2000471 19 06 18 20 16
2000472 19 06 18 22 26
2000473 19 06 19 05 26
2000474 19 06 19 15 44
2000475 19 06 20 13 04
2000476 19 06 21 00 16
2000477 19 06 21 01 56
2000478 19 06 21 02 46
2000479 19 06 21 10 28
2000480 19 06 21 12 38
2000481 19 06 21 15 56
2000482 19 06 22 04 11
2000483 19 06 22 19 22
2000484 19 06 23 00 54
2000485 19 06 23 17 35
2000486 19 06 23 20 23
2000487 19 06 24 13 48
2000488 19 06 24 13 57
2000489 19 06 24 21 12
2000490 19 06 25 05 31
2000491 19 06 25 05 48
2000492 19 06 25 07 09
2000493 19 06 26 02 36
2000494 19 06 27 18 39
2000495 19 06 28 03 46
2000496 19 06 28 18 01
2000497 19 06 28 23 12
2000498 19 06 29 06 40
2000499 19 06 29 10 37
2000500 19 06 29 12 11
2000501 19 06 30 09 56
2000502 19 06 30 11 20
2000503 19 07 01 06 33
2000504 19 07 01 15 57
2000505 19 07 02 03 03
2000506 19 07 02 04 17
2000507 19 07 02 12 50
2000508 19 07 03 16 40
2000509 19 07 04 02 37
2000510 19 07 04 12 53
2000511 19 07 05 05 17
2000512 19 07 05 07 02
2000513 19 07 05 11 42
2000514 19 07 05 13 46
2000515 19 07 05 22 18
2000516 19 07 06 16 23
2000517 19 07 06 18 14
2000518 19 07 06 18 33
2000519 19 07 07 02 05
2000520 19 07 07 12 34
2000521 19 07 07 19 17
2000522 19 07 08 04 07
2000523 19 07 08 06 29
2000524 19 07 08 07 11
2000525 19 07 08 15 18
2000526 19 07 08 19 41
2000527 19 07 08 23 36
2000528 19 07 09 08 14
2000529 19 07 09 16 38
2000530 19 07 09 22 36
2000531 19 07 10 02 59
2000532 19 07 10 06 18
2000533 19 07 10 06 28
2000534 19 07 12 00 31
2000535 19 07 12 23 26
2000536 19 07 13 12 45
2000537 19 07 13 15 52
2000538 19 07 14 08 51
2000539 19 07 15 12 01
2000540 19 07 15 13 06
2000541 19 07 15 17 39
2000542 19 07 15 18 35
2000543 19 07 15 21 20
2000544 19 07 16 04 37
2000545 19 07 16 10 38
2000546 19 07 17 09 03
2000547 19 07 18 04 28
2000548 19 07 18 10 25
2000549 19 07 18 12 34
2000550 19 07 19 00 23
2000551 19 07 19 03 34
2000552 19 07 19 05 14
2000553 19 07 19 09 30
2000554 19 07 19 15 38
2000555 19 07 20 18 11
2000556 19 07 21 02 32
2000557 19 07 21 23 56
2000558 19 07 22 17 52
2000559 19 07 22 18 23
2000560 19 07 23 16 11
2000561 19 07 24 17 54
2000562 19 07 25 15 09
2000563 19 07 26 02 28
2000564 19 07 26 16 13
2000565 19 07 27 02 12
2000566 19 07 27 08 53
2000567 19 07 27 11 21
2000568 19 07 27 16 27
2000569 19 07 28 04 12
2000570 19 07 28 07 54
2000571 19 07 28 12 19
2000572 19 07 28 13 19
2000573 19 07 28 23 37
2000574 19 07 29 04 19
2000575 19 07 29 07 00
2000576 19 07 29 09 39
2000577 19 07 29 19 31
2000578 19 07 30 03 23
2000579 19 07 30 06 38
2000580 19 07 30 11 24
2000581 19 07 30 12 37
2000582 19 07 30 18 18
2000583 19 07 30 19 01
2000584 19 07 30 20 14
2000585 19 07 31 17 30
2000586 19 08 01 07 00
2000587 19 08 01 17 21
2000588 19 08 01 21 06
2000589 19 08 02 06 36
2000590 19 08 02 17 19
2000591 19 08 02 22 01
2000592 19 08 02 22 54
2000593 19 08 03 18 18
2000594 19 08 03 21 59
2000595 19 08 04 00 17
2000596 19 08 04 17 56
2000597 19 08 05 05 41
2000598 19 08 05 10 58
2000599 19 08 05 11 08
2000600 19 08 07 02 58
2000601 19 08 07 08 19
2000602 19 08 07 09 13
2000603 19 08 07 12 47
2000604 19 08 07 20 56
2000605 19 08 08 02 56
2000606 19 08 08 15 12
2000607 19 08 08 22 45
2000608 19 08 08 23 33
2000609 19 08 09 09 18
2000610 19 08 09 12 26
2000611 19 08 09 12 45
2000612 19 08 09 18 39
2000613 19 08 10 01 11
2000614 19 08 10 08 33
2000615 19 08 10 23 49
2000616 19 08 11 09 58
2000617 19 08 11 12 49
2000618 19 08 11 13 47
2000619 19 08 11 17 51
2000620 19 08 12 00 34
2000621 19 08 12 04 04
2000622 19 08 12 15 54
2000623 19 08 13 17 52
2000624 19 08 15 02 51
2000625 19 08 15 18 15
2000626 19 08 16 09 36
2000627 19 08 16 15 03
2000628 19 08 17 07 37
2000629 19 08 17 11 19
2000630 19 08 17 12 37
2000631 19 08 17 15 13
2000632 19 08 17 19 57
2000633 19 08 18 09 00
2000634 19 08 18 16 27
2000635 19 08 18 17 53
2000636 19 08 18 18 18
2000637 19 08 18 19 00
2000638 19 08 18 21 36
2000639 19 08 19 02 21
2000640 19 08 19 07 12
2000641 19 08 19 15 37
2000642 19 08 19 22 23
2000643 19 08 20 01 00
2000644 19 08 20 08 27
2000645 19 08 21 06 03
2000646 19 08 22 02 57
2000647 19 08 22 06 06
2000648 19 08 22 14 37
2000649 19 08 22 21 00
2000650 19 08 23 04 55
2000651 19 08 24 01 12
2000652 19 08 24 06 45
2000653 19 08 24 10 11
2000654 19 08 24 11 24
2000655 19 08 24 18 42
2000656 19 08 25 03 18
2000657 19 08 25 07 37
2000658 19 08 25 10 43
2000659 19 08 25 11 40
2000660 19 08 26 00 19
2000661 19 08 27 06 03
2000662 19 08 27 07 05
2000663 19 08 27 07 55
2000664 19 08 27 22 10
2000665 19 08 28 01 14
2000666 19 08 28 03 07
2000667 19 08 28 04 46
2000668 19 08 28 04 55
2000669 19 08 29 02 45
2000670 19 08 29 06 45
2000671 19 08 29 08 24
2000672 19 08 29 14 50
2000673 19 08 29 14 59
2000674 19 08 30 05 43
2000675 19 08 30 17 49
2000676 19 08 30 20 47
2000677 19 08 30 20 55
2000678 19 08 30 21 29
2000679 19 08 31 07 10
2000680 19 09 02 05 39
2000681 19 09 02 08 17
2000682 19 09 02 15 49
2000683 19 09 03 04 35
2000684 19 09 03 17 57
2000685 19 09 03 19 03
2000686 19 09 04 01 59
2000687 19 09 04 02 57
2000688 19 09 04 15 02
2000689 19 09 04 20 55
2000690 19 09 05 01 26
2000691 19 09 05 06 23
2000692 19 09 06 02 42
2000693 19 09 06 06 45
2000694 19 09 06 16 21
2000695 19 09 06 19 40
2000696 19 09 06 21 42
2000697 19 09 07 23 40
2000698 19 09 08 00 13
2000699 19 09 08 14 46
2000700 19 09 08 16 32
2000701 19 09 08 23 08
2000702 19 09 09 17 31
2000703 19 09 09 18 04
2000704 19 09 09 19 11
2000705 19 09 10 01 32
2000706 19 09 10 09 37
2000707 19 09 10 18 30
2000708 19 09 11 01 17
2000709 19 09 11 08 14
2000710 19 09 12 09 13
2000711 19 09 13 03 56
2000712 19 09 13 08 03
2000713 19 09 14 16 51
2000714 19 09 14 21 51
2000715 19 09 14 23 21
2000716 19 09 15 11 08
2000717 19 09 15 11 20
2000718 19 09 15 20 40
2000719 19 09 15 23 38
2000720 19 09 16 14 21
2000721 19 09 17 00 33
2000722 19 09 17 02 37
2000723 19 09 17 02 58
2000724 19 09 17 08 26
2000725 19 09 17 10 56
2000726 19 09 19 13 40
2000727 19 09 19 16 05
2000728 19 09 20 15 29
2000729 19 09 21 05 20
2000730 19 09 21 06 42
2000731 19 09 21 13 37
2000732 19 09 22 07 54
2000733 19 09 22 15 59
2000734 19 09 22 19 35
2000735 19 09 22 19 46
2000736 19 09 23 00 54
2000737 19 09 23 03 29
2000738 19 09 24 06 01
2000739 19 09 24 13 01
2000740 19 09 24 21 01
2000741 19 09 24 22 16
2000742 19 09 25 01 50
2000743 19 09 25 03 06
2000744 19 09 25 05 30
2000745 19 09 26 03 17
2000746 19 09 27 02 09
2000747 19 09 27 07 34
2000748 19 09 27 20 19
2000749 19 09 29 07 35
2000750 19 09 29 08 07
2000751 19 09 29 08 57
2000752 19 09 29 13 54
2000753 19 09 29 19 50
2000754 19 09 30 00 48
2000755 19 10 01 22 14
2000756 19 10 01 23 20
2000757 19 10 02 13 01
2000758 19 10 02 21 21
2000759 19 10 02 22 02
2000760 19 10 03 05 05
2000761 19 10 03 08 27
2000762 19 10 03 17 14
2000763 19 10 03 19 00
2000764 19 10 03 23 52
2000765 19 10 04 04 37
2000766 19 10 04 21 20
2000767 19 10 05 01 24
2000768 19 10 05 22 41
2000769 19 10 06 02 44
2000770 19 10 06 11 13
2000771 19 10 06 18 54
2000772 19 10 07 05 34
2000773 19 10 07 12 34
2000774 19 10 08 12 43
2000775 19 10 09 21 34
2000776 19 10 10 06 08
2000777 19 10 10 19 58
2000778 19 10 10 22 21
2000779 19 10 11 00 46
2000780 19 10 11 04 09
2000781 19 10 11 09 46
2000782 19 10 11 13 02
2000783 19 10 11 17 22
2000784 19 10 12 13 08
2000785 19 10 12 18 53
2000786 19 10 13 03 04
2000787 19 10 13 04 26
2000788 19 10 13 04 58
2000789 19 10 13 06 16
2000790 19 10 13 11 17
2000791 19 10 13 12 58
2000792 19 10 14 00 42
2000793 19 10 14 05 43
2000794 19 10 14 17 25
2000795 19 10 15 02 04
2000796 19 10 15 12 43
2000797 19 10 15 14 26
2000798 19 10 16 01 31
2000799 19 10 16 09 47
2000800 19 10 16 19 01
2000801 19 10 16 20 58
2000802 19 10 17 12 23
2000803 19 10 18 07 43
2000804 19 10 19 07 16
2000805 19 10 19 12 31
2000806 19 10 20 00 12
2000807 19 10 20 02 26
2000808 19 10 20 03 37
2000809 19 10 20 03 49
2000810 19 10 20 05 21
2000811 19 10 20 07 01
2000812 19 10 20 08 03
2000813 19 10 20 11 36
2000814 19 10 21 09 55
2000815 19 10 21 11 51
2000816 19 10 22 02 34
2000817 19 10 22 02 53
2000818 19 10 22 03 44
2000819 19 10 22 23 18
2000820 19 10 23 03 44
2000821 19 10 24 04 50
2000822 19 10 24 06 40
2000823 19 10 24 07 33
2000824 19 10 24 16 19
2000825 19 10 25 18 17
2000826 19 10 26 04 26
2000827 19 10 26 05 28
2000828 19 10 26 18 09
2000829 19 10 27 00 48
2000830 19 10 27 23 51
2000831 19 10 28 06 28
2000832 19 10 29 06 20
2000833 19 10 29 22 48
2000834 19 10 30 02 10
2000835 19 10 30 02 39
2000836 19 10 30 15 19
2000837 19 10 31 22 08
2000838 19 11 01 02 54
2000839 19 11 01 06 03
2000840 19 11 01 06 19
2000841 19 11 01 09 54
2000842 19 11 01 10 57
2000843 19 11 01 12 37
2000844 19 11 02 03 41
2000845 19 11 02 10 12
2000846 19 11 02 13 26
2000847 19 11 03 07 08
2000848 19 11 04 07 33
2000849 19 11 05 01 58
2000850 19 11 05 06 22
2000851 19 11 05 22 36
2000852 19 11 06 01 30
2000853 19 11 06 15 30
2000854 19 11 06 20 00
2000855 19 11 07 01 05
2000856 19 11 07 12 03
2000857 19 11 07 22 01
2000858 19 11 08 11 43
2000859 19 11 08 18 14
2000860 19 11 09 12 09
2000861 19 11 09 22 18
2000862 19 11 10 04 48
2000863 19 11 10 14 14
2000864 19 11 10 14 17
2000865 19 11 10 16 13
2000866 19 11 11 01 51
2000867 19 11 11 07 59
2000868 19 11 11 16 38
2000869 19 11 12 20 16
2000870 19 11 13 02 56
2000871 19 11 14 12 07
2000872 19 11 14 12 34
2000873 19 11 15 09 21
2000874 19 11 15 20 33
2000875 19 11 16 10 45
2000876 19 11 16 11 10
2000877 19 11 16 12 08
2000878 19 11 17 13 05
2000879 19 11 17 14 41
2000880 19 11 17 15 34
2000881 19 11 17 15 49
2000882 19 11 18 13 36
2000883 19 11 18 22 56
2000884 19 11 19 14 50
2000885 19 11 20 07 43
2000886 19 11 20 17 04
2000887 19 11 22 10 21
2000888 19 11 22 16 25
2000889 19 11 22 18 50
2000890 19 11 23 01 36
2000891 19 11 23 06 20
2000892 19 11 23 12 30
2000893 19 11 23 23 57
2000894 19 11 25 14 45
2000895 19 11 25 17 46
2000896 19 11 26 04 40
2000897 19 11 26 07 37
2000898 19 11 26 12 26
2000899 19 11 26 14 44
2000900 19 11 27 17 10
2000901 19 11 27 22 14
2000902 19 11 28 07 19
2000903 19 11 28 14 55
2000904 19 11 28 18 08
2000905 19 11 29 04 27
2000906 19 11 30 11 21
2000907 19 11 30 18 07
2000908 19 12 01 04 04
2000909 19 12 01 06 31
2000910 19 12 01 20 15
2000911 19 12 02 05 21
2000912 19 12 02 15 21
2000913 19 12 02 17 19
2000914 19 12 02 22 23
2000915 19 12 03 12 08
2000916 19 12 03 17 47
2000917 19 12 03 21 35
2000918 19 12 04 12 38
2000919 19 12 04 20 35
2000920 19 12 04 22 23
2000921 19 12 05 17 20
2000922 19 12 05 17 43
2000923 19 12 06 07 30
2000924 19 12 07 00 22
2000925 19 12 07 02 18
2000926 19 12 07 07 41
2000927 19 12 07 12 25
2000928 19 12 07 19 25
2000929 19 12 08 12 02
2000930 19 12 08 16 03
2000931 19 12 08 22 34
2000932 19 12 09 13 31
2000933 19 12 09 14 53
2000934 19 12 09 23 40
2000935 19 12 10 00 43
2000936 19 12 10 13 46
2000937 19 12 11 06 11
2000938 19 12 11 07 09
2000939 19 12 12 06 11
2000940 19 12 12 17 10
2000941 19 12 12 19 41
2000942 19 12 12 22 37
2000943 19 12 13 02 42
2000944 19 12 13 02 44
2000945 19 12 13 05 26
2000946 19 12 13 08 24
2000947 19 12 14 06 43
2000948 19 12 14 18 51
2000949 19 12 14 21 55
2000950 19 12 14 22 41
2000951 19 12 16 09 59
2000952 19 12 16 16 53
2000953 19 12 16 17 31
2000954 19 12 16 19 08
2000955 19 12 16 22 55
2000956 19 12 18 01 31
2000957 19 12 18 13 03
2000958 19 12 18 16 14
2000959 19 12 19 15 12
2000960 19 12 21 00 20
2000961 19 12 21 03 47
2000962 19 12 21 05 37
2000963 19 12 21 15 54
2000964 19 12 21 21 46
2000965 19 12 21 22 21
2000966 19 12 22 00 29
2000967 19 12 22 06 49
2000968 19 12 23 06 12
2000969 19 12 23 06 47
2000970 19 12 23 22 44
2000971 19 12 24 05 39
2000972 19 12 24 23 15
2000973 19 12 25 09 45
2000974 19 12 25 09 58
2000975 19 12 25 11 15
2000976 19 12 25 11 18
2000977 19 12 25 11 21
2000978 19 12 25 16 55
2000979 19 12 25 20 06
2000980 19 12 25 21 11
2000981 19 12 26 13 59
2000982 19 12 26 19 51
2000983 19 12 27 00 16
2000984 19 12 27 04 31
2000985 19 12 27 11 51
2000986 19 12 28 14 13
2000987 19 12 28 17 52
2000988 19 12 29 03 13
2000989 19 12 29 05 52
2000990 19 12 29 08 20
2000991 19 12 29 15 40
2000992 19 12 30 04 28
2000993 19 12 30 08 15
2000994 19 12 30 10 43
2000995 19 12 30 14 20
2000996 19 12 30 14 52
2000997 19 12 30 16 58
2000998 19 12 30 21 41
2000999 19 12 31 00 39
2001000 19 12 31 16 48
